-257.04
-104.41
-254.4
-92.1
-94.99
-450.14
-60.82
-319.57
-126.29
-197.14
-306.24
-368.25
-88.3
-148.52
-204.18
-244.83
-95.4
-54.51
-82.46
-221.7
-494.5
-365.84
-182.59
-204.44
-204.32
-207.78
-286.15
-175.74
-173.6
-110.18
-124.29
-135.8
-263.88
-84.79
-248.15
-199.76
-471.09
-273.98
-114.56
-167.37
-196.27
-172.06
-138.1
-245.16
-288.32
-185.19
-113.01
-367.59
-153.4
-137.8
-440.63
-250.93
-107.21
-296.44
-58.93
-295.46
-168.83
-232.1
-123.05
-54.41
-105.31
-269.26
-180.66
-64.92
-125.65
-88.62
-258.34
-99.46
-228.95
-72.8
-115.24
-179.61
-85.74
-389.37
-129.05
-178.72
-209.61
-133.33
-97.79
-253.62
-293.76
-112.94
-241.95
-235.94
-286.64
-129.02
-107.08
-90.9
-108.74
-240.47
-133.85
-549.01
-138.86
-70.49
-548.93
-98.38
-222.87
-547.37
-184.13
-151.1
-696.18
-747.61
-833.37
-583.11
-696.53
-698.48
-751.11
-769.12
-752.34
-474.39
-646.96
-688.11
-712.36
-673.36
-811.86
-675.12
-760.82
-661.22
-639.86
-632.59
-796.14
-676.07
-835.48
-710.44
-806.36
-708.36
-834.97
-414.52
-657.35
-708.33
-821.11
-226.34
-729.69
-761.18
-701.53
-712.88
-834.82
-767.74
-523.74
-757.61
-725.61
-581.82
-817.61
-784.63
-730.82
-736.86
-826.32
-578.59
-782.86
-831.9
-789.69
-856.14
-677.11
-785.37
-735.47
-707.11
-583.41
-794.11
-776.11
-786.37
-748.72
-649.43
-759.61
-468.69
-349.53
-797.36
-708.19
-700.87
-716.86
-745.62
-800.61
-674.23
-588.64
-358.96
-797.11
-699.36
-676.87
-737.12
-822.67
-846.38
-814.39
-635.83
-825.27
-752.89
-460.47
-664.61
-506.53
-744.61
-814.86
-834.12
-707.22
-723.11
-817.12
-755.62
-792.36
-683.29
-767.83
-770.62
-846.89
-796.58
