-636.67
-770.61
-902.61
-895.11
-955.11
-841.61
-808.86
-837.86
-557.61
-862.11
-962.36
-798.86
-743.36
-1003.86
-379.29
-851.86
-899.86
-392.11
-721.86
-1033.86
-419.04
-630.36
-953.86
-830.07
-677.86
-891.36
-816.61
-816.61
-925.86
-1034.32
-933.61
-771.61
-728.11
-847.36
-799.36
-828.86
-974.11
-706.36
-890.61
-945.61
-937.36
-734.36
-868.11
-748.07
-1000.86
-750.36
-910.67
-788.11
-599.57
-830.11
-772.61
-958.17
-774.86
-1026.11
-863.11
-850.11
-859.61
-642.36
-868.11
-825.86
-1036.36
-691.61
-748.86
-887.92
-790.86
-870.36
-971.11
-619.86
-913.86
-961.11
-950.61
-809.61
-543.11
-707.86
-806.61
-856.32
-913.86
-959.11
-939.11
-693.86
-890.86
-881.36
-576.86
-992.86
-864.11
-914.11
-475.69
-1027.36
-905.61
-833.61
-854.36
-871.36
-999.86
-856.86
-963.61
-892.61
-526.86
-1026.36
-732.61
-963.36
