-384.87
-792.75
-814.54
-461.16
-685.16
-385.63
-929.26
-931.7
-554.22
-483.13
-717.45
-404.11
-354.81
-613.66
-332.55
-565.27
-961.16
-335.21
-781.94
-1107.27
-947
-550.3
-423.74
-501.53
-635.12
-769.38
-960.6
-550.08
-238.49
-707.62
-785.01
-598.07
-534.79
-775.03
-1029.81
-888.4
-260.41
-508.85
-636.5
-502.31
-491.51
-661.26
-529.67
-617.4
-775.61
-469.35
-694.27
-980.02
-632.64
-849.71
-623.74
-658.6
-601.62
-390.25
-767.65
-1032.02
-777.78
-779.14
-485.23
-398.64
-864.67
-642.57
-482.83
-793.24
-597.52
-355.61
-520.6
-822.79
-696.1
-739.82
-623.41
-770.89
-514.47
-812.56
-876.14
-674.62
-307.11
-749.23
-668.09
-859.36
-759.56
-534.78
-476.75
-617.21
-1055.04
-527.6
-840.92
-756.4
-563.95
-915.25
-516.54
-641.54
-720.37
-797.4
-466.82
-896.75
-610.06
-480.4
-869.21
-513.52
