494.75
653.75
624.75
478.75
449.75
509.75
455.75
597.75
559.5
502.75
598.75
570.75
506.75
522.75
452.75
550.75
491.75
537.75
641.25
584.75
559.75
459.75
624.5
554.75
557.75
552.75
525.5
606.75
660.5
637.5
601.75
606.75
658.75
501.75
401.75
583.75
639.75
583.75
475.75
634.75
719.25
485.75
483.75
525.75
487.75
542.75
574.75
418.75
579.75
455.75
524.75
557.75
525.75
655
589.75
436.75
594.75
670.75
435.75
601.75
530.75
495.75
620.75
562.75
505.75
532.75
648.75
529.75
553.75
533.75
657.75
454.75
604.75
609.75
442.75
494.75
523.75
637.75
378.75
601.25
602.75
614.5
388.75
570.5
526.75
495.75
580.75
598.75
539.75
512.75
626.5
684.5
586.75
612.25
508.75
492.75
608.75
485.75
571.5
409.75
