-71
-114.5
-26
-48.75
-52.25
-49.25
-84
-81.25
-68
-61.25
-79
-62.5
-54.75
-63.5
-69.75
-89
-27.75
-57.75
-44.5
-63.5
-35.5
-39
-85.75
-106
-107
-67
-72
-51.5
-29.25
-43.75
-91.5
-86
-36
-66
-24.5
-62.5
-78.25
-38.75
-79.75
-28.75
-101.75
-44
-104.75
-72.5
-70.5
-82.5
-52.75
-83
-70.25
-21.5
-62.5
-57.5
-37.25
-88.25
-49.5
-30.25
-60
-82.25
-76
-47
-63
-79.5
-54.25
-54.75
-73.75
-82.5
-103.75
-108.25
-54
-75.25
-61
-81.75
-44.75
-66
-118.75
-43
-82.75
-50.25
-85.5
-22
-86.5
-33.75
-75.5
-21.25
-53
-79.75
-39.75
-106.75
-80.75
-72.75
-94.25
-97
-66.25
-33
-48.5
-46.75
-85.75
-32.25
-67.25
-76.5
