-574.88
-1005.91
-611.27
-1171.56
-1144.72
-737.25
-824.09
-1169.73
-839.1
-583.25
-412.92
-637.33
-1077.57
-1302.99
-776.45
-648.36
-1019.11
-473.14
-648.32
-1002.83
-507.51
-606.54
-890.96
-976.84
-695.66
-767.96
-1184.55
-824.49
-913.99
-880.2
-855.43
-525.89
-825.93
-938.26
-833.19
-521.93
-1010.53
-483.11
-1078.23
-932.63
-932.68
-962.27
-636.64
-600.71
-699.6
-726.35
-789.68
-817.9
-1027.25
-744
-1109.15
-957.7
-962.17
-695.64
-988.82
-862.03
-882.82
-1046.81
-616.29
-644.43
-949.23
-782.98
-1100.92
-594.87
-515.28
-817.64
-759.15
-567.13
-1121.08
-954.96
-409.46
-694.16
-1249.04
-811.33
-1085.75
-769.96
-753.79
-1018.74
-649.79
-1287.26
-713.75
-688.53
-608.65
-712.68
-1131.21
-594.72
-1235.4
-761.54
-820.65
-484.03
-578.12
-1067.3
-766.02
-732.21
-591.8
-943.43
-861.44
-1021.33
-837.71
-668.34
