-35.5
-12.25
-89.25
-48.75
-51
-93
-56.25
-82.75
-68.5
-70.5
-61.75
-29.25
-64
-95.25
-62.5
-39
-46.5
-43.75
-37
-47
-54.5
-92.75
-47
-38.75
-93.75
-74.5
-59.75
-57.25
-91.5
-58.25
-61
-34.5
-52.25
-42.25
-43.75
-47
-40
-75
-79
-59.25
-25.75
-33
-55
-29
-61.75
-52.75
-46.25
-82
-47
-46.5
-54.5
-18.25
-94.75
-24.75
-51.25
-64.25
-60.75
-92.5
-31.5
-35.25
-25.5
-74.75
-87
-31.75
-68.25
-55.25
-25.25
-58.5
-43.75
-35.5
-41.25
-91.5
-24
-63.25
-26.25
-50
-54.5
-40.75
-28.5
-27.5
-88
-60
-53.75
-63.5
-27
-44.25
-48.25
-41.75
-80.75
-87
-68
-39.75
-104.25
-71.75
-61.75
-37
-70.25
-30
-18
-28.5
