-106.5
-89.25
-58.5
-33.25
-73.5
-27.5
-65
-100.5
-153
-84.25
-57.75
-25
-74
-62.75
-66.75
-71.25
-87
-67.75
-45.75
-111.75
-44.75
-99
-105.25
-85.25
-78.25
-87.5
-16.5
-63.75
-40.75
-79
-90.5
-58.75
-34
-113.75
-19.75
-29
-54.5
-59.25
-111
-86.25
-20.25
-73
-88.25
-36.25
-73.5
-102.5
-62.75
-34
-86.75
-36.25
-66.75
-44.5
-44.75
-35.75
-58.75
-123
-12.75
-46.25
-57.25
-57.75
-90.25
-95.75
-107.75
-45.25
-52.5
-71.75
-50.25
-77.5
-50.75
-119
-35.5
-65.75
-65.25
-78.75
-67.25
-64.75
-99.5
-16.5
-86.25
-69.5
-27.25
-19.75
-8.25
-76.25
-58
-40.75
-50.75
-159.25
-68.25
-67.75
-82.25
-43.75
-66.25
-59.25
-133.5
-74
-97.75
-31.5
-23.25
-72
