-165
-145
-78
-155
-138
-170
-188.5
-193
-136.5
-156
-159
-166
-112.25
-203
-166
-167
-192
-79
-158
-129
-151
-139
-179
-155
-85
-134
-167
-97
-187
-179
-147
-175
-152
-169
-165
-164
-155
-156
-119
-166.75
-156
-169
-140
-138
-197
-168
-81
-158
-170
-165
-145.75
-188
-101
-189
-137
-168
-186
-165
-110
-132
-146
-139
-204
-139
-139
-185
-132.5
-164
-154.25
-82
-123
-114
-144
-143
-129
-203
-188
-119.5
-152
-120
-175
-136
-121
-141
-122
-153
-194
-172
-142.75
-113.25
-137
-187
-157
-184
-127
-154
-216
-124
-136
-155
