-179.69
-259.78
-375.19
-181.29
-241.58
-172.11
-80.95
-124.24
-295.62
-134.02
-529.43
-480.52
-115.7
-360.48
-178.8
-131.97
-140.46
-56.27
-80.18
-255.84
-108.02
-254.16
-163.4
-404.92
-94.09
-197.02
-89.46
-146.14
-296.57
-605.56
-162.07
-439.14
-118.12
-187.29
-196.54
-429.28
-252.52
-119.61
-149.84
-100.51
-96.85
-202
-144.76
-340.34
-297.9
-196.59
-170.19
-258.09
-178.34
-209.99
-366.36
-79.99
-379.36
-136.98
-509.35
-171.4
-144.17
-185.19
-164.31
-191.35
-156.63
-111.12
-160.94
-466.88
-183.54
-391.87
-189.03
-249.68
-102.76
-138.16
-639.23
-159.53
-184.73
-95.4
-223.8
-144.1
-141.42
-247.07
-243.89
-88.02
-155.39
-341.32
-418.7
-222.18
-107.44
-346.34
-284.93
-167.82
-207.71
-136.14
-197.91
-145.04
-253.09
-266.88
-169.43
-401.01
-150.78
-315.09
-173.45
-145.58
