-14
-21.25
-42.5
-31
-20.25
-24.75
-25.5
-37.25
-2.5
-11
-27.25
-18.5
-9.25
-9.25
-18.25
-24
-33.25
-29
-16.75
-22
-22.25
-41
-36
-16.25
-25.25
-15.75
-30.25
-18
-12.75
-29.25
-51.75
-29.25
-43.75
-29.5
-48.25
-25.75
-26.5
-9.25
-17.75
-8
-5
-13.5
-28.75
-17.25
-33.5
-22.75
-9
-23.5
-20
-8.5
-33.75
-7
-38.75
-22.75
-24.25
-32
-9.25
-13.5
-22.5
-42.75
-33
-7.5
-30.5
-17.5
-25.5
-18.75
-27.75
-3.5
-51.25
-24
-24.5
-45
-11.25
-46.5
-30.75
-35
-13
-30.5
-25.75
-16.5
-35.25
-27
-40
-25.75
-34.5
-15
-20.75
-32
-11
-44.5
-7.5
-12
-14.5
-19.75
-5
-25.5
-21.5
-36.25
-27.25
-5
