-1222.36
-834.86
-1050.86
-1304.11
-980.86
-909.61
-1157.11
-861.11
-1045.36
-1077.11
-974.36
-1232.86
-1029.11
-702.86
-1031.36
-1128.86
-1126.86
-1105.86
-1072.61
-994.11
-1016.11
-1195.36
-1240.36
-953.11
-1217.61
-818.11
-1005.11
-1193.86
-1016.61
-1158.86
-1267.36
-1076.11
-1161.36
-1180.36
-978.36
-988.11
-828.36
-1194.61
-1084.86
-1150.86
-1144.61
-1165.61
-938.17
-1290.11
-1120.36
-1259.61
-1058.61
-1159.36
-1038.61
-1281.36
-1166.86
-952.61
-964.86
-1198.36
-1243.61
-1129.61
-1303.36
-1119.36
-1031.61
-1216.11
-1131.61
-1237.61
-1048.36
-1018.61
-1063.36
-1000.61
-932.36
-1218.61
-951.36
-912.86
-1001.11
-1168.36
-601.13
-913.61
-1016.61
-902.86
-928.11
-1063.61
-876.36
-1101.36
-1098.36
-1011.86
-1194.36
-1123.61
-1170.61
-993.86
-1079.36
-1187.86
-1202.61
-899.86
-1119.11
-1116.86
-957.11
-993.86
-1072.61
-837.36
-1067.61
-1280.61
-1156.61
-1116.61
