00011010001000000000
3
01011110001100000000
1
00011010111110000000
2
00011011111110010000
10
00011011100010010000
9
00011011100100010000
10
00111011000010010000
8
00011011001010000010
6
01011010010110000010
2
01011010010110000110
3
00011110011100010110
10
00001010010010000110
9
01001110011000010100
10
01001010010010010110
9
01001010010000010110
8
01001010010010000110
9
01001010010000010110
8
00001010010000000110
4
00111010010100000110
10
00111010010000000110
7
00111010010000010010
8
00111010001000000110
10
01111010001000000111
10
01111010000000000111
7
01111010000000000111
7
01111010000000000011
6
01111110000000000000
1
01111111010000000000
1
01111111110000000000
10
01111111010000000000
6
01111111010000000000
10
11111111010000000000
6
11111111010000000000
6
11111111010000000000
6
11111111010000000000
6
11111111010000000000
6
11111111010000000000
6
11111111110000000000
0
11111111100000000000
6
11111111100000000000
0
00011010001000000000
10
00011010000010000000
2
00011011000000000000
4
00110011000000000000
3
00101111000000000000
4
00111111000000000000
1
00111111110000000000
5
11110111110100000000
3
10111111110100000000
10
10111111110000000000
4
10111101100100000000
10
10111101100000000000
1
10111101110000000000
2
10110111010000000000
5
11110111010000000000
3
11111111010000000000
1
11011101110000000000
4
11111100100000000000
1
10111110110000000000
5
11111110110000000000
7
11111110110000000000
7
11111110110000000000
2
11101111110000000000
9
11111111110000000000
0
11111101110000000000
7
11011101110000000000
9
11011101110000001000
7
11011101110000000000
7
11011101110000000000
0
00011010001000000000
3
00011010001000010001
10
00011010000000010111
8
00011010000000010111
4
10011010000000010111
8
10011010000000000111
7
10011010000010000011
9
10011010000000000011
6
10011110000110000000
10
10010110010010000001
9
10010110010000100101
8
10010110000000000111
7
10010110000010000011
9
10010110000100100110
10
10010110000000100111
8
10010110000000000111
7
10010110000000000011
6
10010110000000000001
6
10000100000000000100
7
10000100000001100001
9
10000110000000101001
8
10000100000000001111
4
10110100000000001011
7
11100100000000000011
6
11100100000000000000
2
11110111000000000000
1
11110111110000000000
3
11011111110000000000
0
11011111110000000000
9
11011011110000000000
3
11011111110000010000
9
11011011110000000000
3
11111111110000000000
0
11101111110000000000
9
11101111110000000000
9
11101111110000000000
9
11101111110000000000
9
11000101110000000000
9
11000101110000100000
8
11000101110011000000
0
00011010001000000000
10
00011010000000000000
4
00111010100000000000
2
00111011101000000001
10
00101001100000000001
6
00101001100000000000
4
00111001100000000000
2
00111011100000000000
5
11111011100000000000
3
11111110100000000000
1
11111110110000000000
7
11111101110000000000
2
11111111110000000000
0
11111111100000000000
1
11111111100000000000
1
11111011100000000000
3
11101111100000000000
4
11111111100001000000
1
01101111110001000000
9
01101111111000000000
10
01101111110000000000
4
01111111110000000000
5
11110111110000000000
8
11110111110000000000
8
11110101110000000000
8
11110101110000000000
8
11110101110000000000
8
11110101110000000000
8
11110101110000000000
8
11110101110000000000
8
11111001110000000000
7
11111001110000000000
0
00011010001000000000
10
00011010000000000000
4
00111010000000000011
6
00111010000100000000
10
00111011110000000000
3
00011111010000000000
4
00111111010000000000
5
11111111011000000000
1
01111111111000000000
10
01111111110000000000
5
11111111111000000000
4
01111111111000000000
10
01111111110000000000
5
11111111100000000000
6
11111111100000000000
1
11111111010000000000
1
11111111110000000010
0
11111111010000000010
6
01100111010000000000
4
01101111010000000000
4
01111111010000000000
1
01111111110000000010
5
11111111010000000010
6
11111110010000000000
1
11111111010000000000
6
11111111010000000000
6
10111111010000000000
10
10111111010000000000
6
10111111010000000000
10
10111111000000000000
6
11111111000000000000
6
11110111000000000000
6
11110110000000000000
6
11110110100000000000
0
00011010001000000000
3
00011110011110000000
10
00011110010010000100
7
00011110010010000000
9
00011110110000000000
4
10111110110000000000
5
11111110110000000000
2
11111011110000000000
3
11111101010000000000
1
11111101110000001000
7
11111101110000000000
2
11111111110000000000
0
11111111100000000000
1
10110111110000000000
3
10111111110000000000
5
11110111110000000000
8
11110111110000000000
3
11111110110000000000
7
11011110110000000000
7
11111111010000000000
6
11111111010000000000
6
11111101010000000000
7
11011101010000000000
7
11011101010000000000
7
11011101010000000000
7
01011101010000000000
10
01010101010000000000
9
01010101011000000000
10
01011101110000000010
0
00011010001000000000
3
00001110001010000000
10
00001110000011000001
6
10001110000111000000
10
10001110000011000000
9
10001110000000000000
4
10100110100000000000
3
10101110110100000000
10
10101110110000000000
4
10111110110000000100
7
10111110110000000000
2
10111111100100000000
10
00111111100000000001
6
00111111100000000000
5
11111110100000000000
1
11111110110000000000
2
11111111110000000000
0
11111101110000000000
2
11111111110000000000
0
11111110110000000000
7
11111110110000000000
2
11111111110000000100
1
11011011110000000100
3
11011111100000000100
6
11011110100000000000
1
11011110110000000100
7
11011110100000000000
2
01011111100000000100
6
01111111000010000100
6
01011110000010000100
9
01011110000000000111
7
01011110001000000011
10
01011110000000000011
6
01011110000000000000
6
01011110100000000000
10
01010110100000000000
10
01010110110000000000
9
01010110110000000000
9
01010111100000000000
6
01010111100000000000
0
00011010001000000000
3
00011110101010000000
10
00011110100010000001
9
01011110100000000001
6
11011111100000000000
4
01111111100000000001
6
01111111100000000001
6
01111111100000000000
1
01111111110000000000
5
01111111110000000000
0
11101111110000000000
4
11111110110000000000
2
11101111110000000000
9
11101111110000000000
9
11101110110000000000
9
11101010100000000000
2
11101010100000000000
3
11101110100000010000
7
11101110100000010000
7
11101010100000010001
8
01111010100000000101
7
00111010100000000001
6
00111010101000000000
10
00111110100000000000
10
00111110100000000000
0
00011010001000000000
3
00011111001010000000
10
00011111000010000000
9
00011111010000000000
4
10111111010000000000
5
11111111010000000000
1
11011111110000000000
4
11111111010000000000
1
10111111110000000000
5
11111011100000000000
1
11111011110000000000
3
11111101110000000000
2
11111111110000000000
0
10110111110000000000
5
11110111110000000000
8
11110111110000000000
0
11110101110000000000
8
10110101110000000000
2
10010111110000000000
4
10110111110100000000
10
10110111110000000000
8
10110111110000000000
10
11110111110000000000
8
11110111110000000000
8
01110111110000000000
8
01110111110000000000
8
01110111110000000000
8
01110111110000000000
0
00011010001000000000
10
00011010000010000001
9
00011010000100010001
10
00011010000100010011
10
00011010000010010111
9
01011010000100010101
4
00111010001110010111
10
00011000000000010111
4
00111000000000011111
8
00111000000000011111
8
00111000000000001111
7
00111000000000000010
6
00111000000000001000
7
00111000010000000010
6
01111010010000000000
2
01100011010000000000
4
01110011010000000000
3
01111111010000100000
1
01110111111000000000
10
01111111110000000000
0
01111111110000000000
5
11111111111000000000
4
01111111111000000000
10
01111111110000000000
5
11011111110000000000
9
11011111110000000000
9
11011111110000000000
9
11011111110000000000
9
10111111110000000000
10
10111110110000000000
7
11111110110000000000
7
11111110110000000000
0
00011010001000000000
10
00011010000000000000
4
00111010000000000100
7
00111010000100000001
10
10011010000000000011
6
10010010000000000100
7
10010010100000110001
8
10010010100000010101
8
10010010100000000101
7
10010010100000000001
3
10111010100000100001
7
10110011100000110000
8
10110011110000000000
3
10111111110000010000
5
11111111110000010000
5
11111011110000010000
8
11111011110000000000
3
11111111110000000000
0
01111111110000000000
10
11111011110000000000
3
10101111110000000000
4
10111111010000000000
5
11111110010000000000
1
11111110110000000000
7
10111110110000000000
10
10111111010000000100
6
11111111010000000000
0
11111111010000000000
6
11111101010000000000
7
11111101010000000000
7
11111100010000000000
7
11111100010000000000
7
11111100010000000000
7
11111100010000000000
0
00011010001000000000
10
00011010000000000010
6
00011010000000000100
7
00011010100000000010
4
00111010000000000010
6
00111010000000000010
6
00111010000000000000
2
01001011000000000000
4
01111011000000000000
1
11111011100000000000
3
11111111100000000000
1
11111111110000000001
2
11111111110000000001
2
11111011100000000001
6
11111011100000000000
1
11110011110000000000
8
10110011110000000000
3
10111111110000010000
5
11101011110000010000
8
11101011110000000000
3
11101111110000000000
4
11011111110000000000
0
11011111100000000000
1
11011111110000000000
9
11011111110000000000
9
11011111110000000000
0
11011111110010000000
9
11011111110000000000
9
11011111110000000000
9
11011111110000000000
9
11011111100000000000
9
11101111110000000000
0
11101111100001000000
9
11101111100000000000
9
11101101100000000000
7
11101101100000000000
6
11101101100000000000
0
00011010001000000000
10
00111010000000000000
2
00111011000000010000
8
00111011000000000000
5
11111011000000000000
1
11111011110000010000
8
11111011110000000000
3
11111111110000000000
0
10111111110000000000
5
11011111110000000000
5
11011111100000000000
1
11010111110000000000
3
11111100110000000000
2
11111111110000000000
0
11111111110000000000
5
11101111110000000000
9
11101111100000000000
4
11111111100000000000
1
10111111110000000000
10
10011111110000000000
4
10110101110100000000
10
10110101110000000000
2
10110111110000000000
5
11010111110000000000
3
11011111110000000000
4
11111111110000000000
0
11111111110000000000
0
11101101110000000000
2
11101111110000000000
0
11100111110000000000
3
01100111110000100000
8
01100111110000000000
4
01111111110000000000
10
01111111110000000000
10
01111111110000000000
10
11111111110000000000
0
01111110110000000000
7
01111110111000000000
10
01111110110000000100
7
01111110110000000000
0
00011010001000000000
10
01011011000010000000
9
01010011101000010000
10
01010011110010010000
9
01010011110000110000
8
11010011110010100000
9
11010011110000110000
8
11010011110010000000
9
11010011110000010000
8
11110011110000000000
3
11111111110000000000
0
01111111110000000000
5
11111111010000000000
6
11111111010000000000
1
11111111010000000010
6
11111111010000000000
6
11111111010000000000
1
11111110110000000000
7
01111110110000000000
5
11111110110000000000
2
11111111110000000000
0
11111110100000000000
1
11111110110000000000
2
01111111110000000000
10
01111111110000000000
10
01111111110000000000
10
01111110110000000000
7
01111110110000000000
7
01111110110000000000
7
01111110100000000000
7
00111110110000000000
10
00111110110000000000
10
00111110110000000000
10
00111110110000000000
10
00110110110000000000
0
00011010001000000000
10
00010010000010000010
2
00010010000110100011
10
00010011000010110111
9
00010010001000110111
10
00010010000010110111
9
00010010000000110111
4
00110010000000010111
8
01100010000000000111
3
01101110000000000111
7
01101110000000000011
6
01101110000000000101
7
01111110000000000011
6
01011010000000000000
2
01111011000000000000
1
01111011110000000000
3
01111111110000000000
5
11111011110000000000
8
11111011110000000000
8
11101111010000000000
1
11111011110000000000
8
11111010110000000000
2
11101011110000000000
3
11110111110000000000
8
11110101110000000000
8
11111101110000000000
7
11111100110000000000
7
11111100110000000000
7
11011100110000000000
7
11011101110000000000
7
11011101110000000000
0
00011010001000000000
10
00011010010000000000
4
11111010110100000000
2
10111011110100000000
10
10111011110000000000
5
11111011110100000000
3
10111011110100000000
10
10111111110000000000
5
11111111010100000000
1
10111111110100000000
10
10111111110000000000
5
11101111110000000000
9
11101111110000000000
4
11111101110000000000
2
10111011110000000000
5
11111011110000000000
3
11110111110000000000
8
01110101110000000000
3
01011101110000000000
4
11111101110000000000
7
01111101010000000000
7
01111101010000000000
7
01011100010000000000
7
01011100011000000000
10
01011100010000000000
7
01011100010000000000
7
11011100010000000000
7
11011101010000000010
6
11011101010000000010
6
11011101010000000000
0
00011010001000000000
10
00011010000000000000
4
00011010001000010000
10
00011010000010010011
9
00011010000010010111
9
00011010000000010111
8
00011010000010000111
9
00011010000100010111
10
00011010000010010111
9
00011010000000010111
8
00011010000000000111
4
00111010000100010111
10
00111010000000010111
8
00111010000000000111
7
00111110000000010011
7
00111011000000000011
6
00111011000000000001
6
00111001001000000000
10
00111001000000000000
2
00111111000000010000
1
00111111110000010000
5
11110011110000010000
8
11110011110000000000
3
11111111110000000000
1
11111111110000000000
0
11111111010000000000
1
11111111110000000000
0
11110111100000000000
1
11110111110000100000
8
11110111110000000000
8
11111011110000000000
8
11111011110000000000
8
11011011110000000000
3
11011111110000010000
9
11011011110000010000
8
11011011110010000000
9
11011010110000000000
8
11011010110000000000
8
01011010110000000000
7
01110010110000000000
0
00011010001000000000
3
00011110001110000000
10
00011000010010000000
2
00011011010010010100
9
00011011010000010110
8
00011011010000000110
4
00111010010000000110
7
00111010010100000010
10
00111010010000000010
6
00111010010000000000
2
00111011010000000000
5
10111011010000000000
3
10111111010000010000
1
10101011110000010000
8
10101011110000000000
4
10111011110000000000
3
10111111110000000000
5
10111111110100000000
10
10111111110000000000
5
11111111010000000000
1
11110010110000000000
2
11110011110000010000
8
11110011110000000000
8
11110011010000000000
8
11110011010000000000
8
11110011010000000000
8
11110011010000000000
8
11110101010000000000
2
11110111010000000000
8
11110111110000000000
8
11110111110000000000
8
11110111110000000000
8
11110111010000000000
8
11110111010000000000
8
11100111010000000000
6
11110111010000000000
0
00011010001000000000
3
00011110001100000000
10
00010110010010000100
9
00010110010000000110
7
00110110010000000010
6
00110110010000000000
2
00110111010000000000
5
10110111010000000000
1
10110111110000000000
5
11110111110000000000
8
11110111110000000000
3
11110111110000000000
3
11111111010000000000
0
11111111000000000000
1
11111111110000000000
0
11101111110000000000
4
11111111110000000000
0
11101111110000000000
0
11101111110001000000
9
11101111110000000000
4
11111111010000000000
1
11110111110000000000
8
11110111110000000000
8
11110110110000000000
2
11110111110000000000
8
11111111110000000000
0
00111111010000000000
10
10011111010000000000
10
10011111110000000000
10
10011110110000000000
10
10011110110000000100
7
10001110110000000000
0
00011010001000000000
3
00011110001010000000
10
00011010000010000001
9
00011010000000000011
4
00111010000000000111
7
00111010001000010011
10
00011010000000010111
4
00111010000010010111
10
00011010000010010111
9
00011010001000010111
10
00011010000010010111
9
00011010001000010111
10
01011010000000010111
8
01111010000000000111
7
01101010000000010011
8
01101010000000010111
8
01101010000000000111
7
01001010000000000011
6
01001010000000000000
4
01111010000000000000
2
01111111000000000001
6
01111011000000000000
1
01111011110000000000
3
01111111110000000000
5
11111111110000000000
0
11111111110000000000
0
11011111110000000000
4
11111111010000000000
1
11111111110000000000
0
11111111110000000000
0
11111111110000000000
0
11111110110000000000
7
11111110110000000000
7
11111110110000000000
7
11111110110000000000
7
11111110110000000000
7
11111100110000000000
7
11111100110000000000
7
11111101110000000000
7
11111101110000000000
0
00011010001000000000
3
00011110001110000000
10
00011110000010000000
9
00011110001000000000
10
00011110000010000000
9
00011110000000000101
7
00011110001010000011
10
00011110000010000111
9
00011100001000000111
10
00011100000010001111
9
00011100000000001111
5
11111100000000001111
7
11111100000000000011
6
11111101000000000000
1
11111101110000000000
2
11101111110000000000
4
11111111110001000000
3
11101111110001000000
9
11001111110000000000
4
11111111110000000000
0
11111111010000000000
1
11111111010000000010
6
11111111010000000000
6
11111111010000000000
6
11111111010000000000
6
01110111010000000000
8
01111111010000000000
10
01111111010000000000
6
01111111011000000000
10
01110111010000000000
8
01110111010000000000
8
01110111010000000000
6
01110111010000000000
0
00011010001000000000
3
01111110001010000100
10
01011110000010000111
9
00011110001000000111
10
00011110001010000101
10
00000110000010000111
9
00000110001100000111
3
00001110001111000110
7
00001110001111000011
6
00001111001111000100
6
00000110001111000100
10
00000110000011100011
9
00000111001000100110
10
00000110000011100111
9
00000110001000100111
10
00000110000011100111
9
00000110000000100111
4
00110110000001100111
10
00100110000000100111
8
00100110000000000111
7
00110100000000100011
8
00110100000000001111
7
00110100001100000111
10
00110100000000001111
7
00011100000000000011
6
01011100001100001100
7
00011100111000000011
10
00011101010010000011
9
00011101010100000011
10
00011101000010001011
9
00011101000100001011
10
00011101000010001000
9
00011101001000001011
10
00011101000000001011
7
00011101000100000011
10
00001111000010000011
6
10011111000011000000
10
10001111000011000000
9
10001111000000000000
6
11001111000000000000
0
00011010001000000000
3
00011111100110000000
10
00011111110010000000
9
01011111110000000000
4
01011111110000000000
4
01111110110000000000
2
01111111110000000000
5
10111111010000000000
1
10110111110000000010
3
10111111010000000010
6
10111111010000000000
10
10111111010000000000
5
11111111010000000000
6
11111110010000000000
1
11111110110000000000
2
11111111110000000100
1
11111110110000000100
7
11111110110000000000
2
11111111100000000000
1
11111101110000000000
7
01111101110000000000
7
01111101110000000000
7
01111101100000000000
7
01111101100000000001
6
01111101101000000000
10
01111101100000000000
7
01011101100000000000
7
01011111100000000000
10
01011111100000000000
6
01011101100000000000
0
00011010001000000000
3
00011110101110000000
10
00011110100010000100
7
00011110101000000001
10
00011111100000000001
6
00011111100000000000
4
10111111100000000000
5
11111111100000000000
1
11111111110000000000
0
11111111110000000000
0
11111011110000000000
3
11111111010000000000
6
11111111010000000000
1
11011111110000000000
4
11110111110000000000
8
11110111110000000000
0
11110111110000100000
8
11110111110000100000
8
11110111110000100000
8
11110111110000000000
3
11111111110000000000
4
11111111110000000000
0
11011111110000000000
4
11110111110000000000
3
11111111110000100000
2
11110111110000100000
8
11110111110000100000
8
10110111110000000000
3
10111110110000000000
10
10111110110000000000
7
10111110110000000000
7
10110110110000000000
2
11111111110000000000
0
11111011110000000000
8
11101011110000000000
9
11110011110000000000
8
11111011110000000000
8
11111011110000000000
8
11111011110000000000
8
11110011110000000000
0
00011010001000000000
3
00011110001100000000
10
00011110001010000000
10
00011110010010000000
9
00011110010000000000
4
00111110011000000000
10
01111110010000000000
1
01111110111000000100
7
01111110111000000100
10
01111110111000000100
10
01111110110000000000
2
01111111110000000000
5
11110101100000000000
2
11110111100000001000
6
11110101100000001000
7
11110101100000000000
2
11110111000000000000
1
11110111110000000010
3
11111111010000100010
6
01110111010000100000
8
01110111010000000000
1
01110111110000100000
8
01110111110000000000
3
01110111110000000000
10
01110111110000000000
3
01110111110000000000
5
11110111110000000000
0
11110111110000000000
8
11111111010000000000
6
11111111010000000000
6
11111111010000000000
6
11111111000000000000
6
11111111100000000000
0
00011010001000000000
3
00011010001110000000
2
00011011001110010001
6
00011011001110010000
10
00011011000010010000
9
10011011000000010000
8
10001011000100000000
3
10001111000100000010
6
10001111010110000000
10
10001101010011000000
9
10001100010010000000
9
10001100010000000100
7
10011100010000000010
6
10011100010000000000
2
11010111010010000000
9
11010111010000000000
3
11011111110000000000
4
11111110110000000000
2
11011111110000000100
4
11111110110000000100
7
11111110110000000100
7
11111110110000000000
7
11111111110000000000
0
11100111110000000000
3
11101111110000000000
9
00101111110000000000
4
00111111110000000000
10
10111110110000000000
2
10101111110000000000
4
10111111110000000000
10
10111111110000000000
10
10111111100000000000
10
11110111100000000000
8
11110111100000000000
8
01110110100000000000
8
01110110100000000000
7
11110110100000000000
8
01110111100000000000
8
01110111110000000000
8
01110111110000000000
0
00011010001000000000
3
00011110001010000000
10
00011110000010000000
9
10011110000100000000
10
10011110000010000000
9
10001110110100000000
10
10101110110010000000
5
10001110110101000000
10
10001110110011000000
9
10001110110000000000
4
10111111110100000000
10
10111111110000000000
5
11111111110100000000
4
00111111110100000000
10
00111111110000000000
5
10111111110000000000
5
11111011110100000000
3
10111111110100010000
10
10111011110000010000
8
10111011110000000000
3
10111111010000010000
1
10101011110000010000
8
10111011110001010000
8
11101011110101000000
9
10101011110100010000
10
10101011110000010000
8
10111011110000000000
3
10111111110000010000
5
11111011110000010000
8
01111011110000010000
8
00111011010000000000
10
00111011010000000000
10
00111011010000000000
10
01111011010000000000
8
01111011010000000010
6
11111111010000000000
6
11111111010000000000
6
11111111010000000000
6
11111111000000000000
6
11111111000000000000
0
00011010001000000000
3
00011110101010010000
10
00011010100010010000
9
00011010100000010000
8
00111010100000000100
7
00111010100100000000
10
00011010100000000000
4
00111010100000000000
2
00111011100000000000
5
11111111100000000000
1
11101111010000000000
1
10101111110000000000
4
10101111110000000000
5
11111101110000000000
7
11111101110000000000
2
11111111110000000000
0
01111111010000000000
5
11111110000000000000
1
11111110110000000001
7
11111110100000000001
6
11111111100000000100
6
11111110100000000100
7
11111110100000000000
1
01111110110000000000
10
01110110010000000000
2
01100111010000000000
4
11111111010000000000
0
11111111010000000000
6
11111110010000000000
7
11111111010000000000
6
11111111010000000000
6
11111111010000000000
6
11110111010000000000
8
11110111110000000000
8
11110011110000000000
0
00011010001000000000
3
00011110001010000000
10
00010110001010000000
2
00010111001010100000
10
00010111000010100011
6
00010111000110100001
6
00010111001110100000
10
00010101100010100000
9
00010101101000101000
10
00110101100000101000
8
00110101100000101001
8
00110101100000001001
7
00110101101100001001
10
00110101100000001001
7
00110101100000100001
8
00110101100000001001
7
00110101100000100001
8
10110101100000000001
6
10110101100000000000
2
10111111100000000000
1
10111111110000000001
5
11101111110000000000
9
11101111110000000000
0
11101111110000000000
9
11101111110000000000
9
11111101110000000000
7
11111101110000000000
7
11101111110000000000
9
01101111110000000000
10
01101111110000000000
9
01111111110000000000
0
00011010001000000000
3
00011110001100000000
10
00011100000010000000
9
00011100001000000000
10
00011100000010000000
9
00011100000000000000
1
00111100110000000000
2
01111111110000000000
5
01111111110000000000
5
11111111100000000000
1
11101111110000000000
4
11111111000000000000
1
11111111110000000000
0
11111100110000000000
2
11111111010000000000
1
01111111110000000000
5
11111111110000000000
0
11111111010000000000
6
11111111010000000000
6
11111111010000000000
6
11101110010000000000
1
11101111110000000010
9
11101111110000000000
9
11101111110000000000
9
11101111110000000000
9
11111111110000000000
0
11110111110000000000
8
11110111110000000000
8
01110111110000000000
8
01110011110000000000
0
00011010001000000000
3
00011010001000000000
3
00011110001110000000
10
00011110000000000000
1
00011110110000000010
5
11011011010000000010
6
11011111010010010010
9
10011011010000000010
6
10011001010000000000
3
10011101110000000000
4
10111101110000000000
5
11111101110000001000
7
11111101110000000000
7
11111101110000000000
2
11111111100000000000
0
11111111100000000001
6
11111110100000000000
1
11111111110000000100
0
11111110110000000100
7
11111110110000000000
7
11111110110000000000
2
11111110110000000000
2
11011111110000000000
9
11011111110000000000
9
10011011110000000000
4
10011011110000000000
4
10111001110000000000
8
10111001110000000000
8
11111001110000000000
8
11111001110000000000
8
11111011110000001000
8
11111001110000001000
0
00011010001000000000
3
00011010011100010000
1
00011010111100010100
10
00111010110010010100
10
00011010110010010100
9
00011010110000010100
8
00011010110000000100
4
00111010110010000100
7
00011010111010010000
10
00011010110010010000
9
00010010111010010100
10
00010010100010110100
9
10010010100000110100
8
11010010100010000101
9
11000010100000110101
8
11100010100000000101
7
11100010100000000001
3
10100110100000000101
7
10101110100101000001
6
10100110100101000100
10
10100110110001100100
9
10100110110000100100
8
10100110110000000100
7
10101110110000000000
4
10111110110100000000
10
10111110110000000000
2
10111111110000000000
3
10111111110000000000
5
11011111110000000000
9
11011111110000000000
9
11011110110000000000
7
01011110110000000000
4
01111110110000000000
7
01111110110000000000
0
01111110110000000000
7
01111110110000000000
10
01001110110000000000
9
01001110100000000000
9
11010110100000000000
6
11010110100000000000
0
00011010001000000000
3
00011110001010000000
10
00011110000010000000
9
00011110000000000000
4
00111110000100000000
10
00111001000000000000
1
01111101101000000000
10
01111101101000001000
10
01111101100000001001
7
01111101100000000001
6
01110100100000000000
2
11110111100000000001
6
11111111100000100000
1
11011111110000100001
4
01110111110000100001
8
01110111110000100001
8
01110111101000000001
10
01110111100000000001
6
01110111100000000000
3
01111111100000000001
6
01111101100000000000
1
01111101110000000000
2
11111111110000000000
0
10111111010000000000
1
10111111110000000010
5
11111111010000000000
1
11111111110000000000
0
11111101110000000000
7
11111101110000000000
7
10101101110000000000
4
10111101110000000000
10
10111101110000000000
7
10111101110000000000
7
10111101010000000000
7
10111111010100000000
10
10111101010000000000
7
10111100010000000000
7
10111100010000000000
7
10110100010000000000
7
10100001010000000000
0
00011010001000000000
3
00011110001110000000
10
00011110000010000000
9
00011110000000000000
1
00011110111100000000
10
00011110110110000000
10
00011110110010000000
9
00011110110000000000
4
10111110110000000000
2
10101111110000000000
4
10111111110000000000
3
11111111110000000000
0
11011111110000000000
4
11111011110000000000
3
11111111110000010000
2
11111011110000010000
8
11111011110000000000
3
01101111110000000000
4
01111111110000000000
5
01111111110000000000
5
11111111110000000000
0
10111011110000000000
3
00111111110000000000
5
11111111010000000000
1
11101111110000000010
4
11110111010000000010
6
01110111010000000000
8
01010111010000000000
4
01110111010000000010
6
01111111010000000000
10
01111111010000000000
10
11111111000000000000
6
11111111100000000000
6
11111111100000000000
6
11111111100000000000
6
11111111100000000000
6
11111111100000000000
6
11111011100000000000
8
11111011100000000000
6
11111111100000000000
0
00011010001000000000
3
00011110001000000000
10
00011110000010000000
9
00011110000000000010
6
01011110010000000100
7
01011110110000000000
4
01011100110000000000
2
01011111110000001000
4
01111101110000001000
7
00111101111000000000
10
00111101110000000000
5
11101101110000000000
2
11101111110000000000
4
11111111110000000000
0
11111110110000000000
2
11000101110000000000
3
11101101110000000000
2
11101111110000000000
4
11111111110000000000
0
10111111110000000000
2
10111111110000000000
10
10111111110000000000
5
11011011110100000000
9
10011011110100010000
10
00011011110110010000
10
10011011110110010000
10
10011001110010010000
9
10011001110000011000
8
10011001100010001000
9
10011001100000011000
8
00011001100000001001
7
00011001100100000001
10
10111001100010000001
6
10011011000110010001
6
10011011000110010000
0
00011010001000000000
3
00111110001100000000
10
00111110000000000000
1
00111110010100000110
10
00111110010000000110
7
00110110010000000010
6
00110110010100000000
10
00111010110000000010
2
00111011010000000010
6
11111011010100000000
3
10111111010100000000
10
10111111010000000010
6
10111111010000000000
5
11111111010000000000
1
11111111010000000000
1
01111111110000000000
1
01111111110000000000
5
11110111110000000000
3
11011111110000000000
4
01111111110000000000
5
11111111100000000000
1
01100110100000000000
3
01101110100000000101
7
01101110100000000001
6
11001110100000000000
9
11001110100000000100
7
11001110100000000100
7
11001110100000000000
9
01001110110000000000
9
01001110110000000000
0
00011010001000000000
3
00011111000100000000
10
00011111000010000000
9
00011111000000000010
6
00011111000000000000
4
10111010000000000000
1
10111110110000000000
2
10111111110000000000
5
11011111110000000000
3
11111111110010000000
3
11111110110010000000
2
11010111110010000000
9
11000101110000000000
3
11001101110000000000
4
11101101110000001000
7
11101101110001000000
9
11101100110000000000
2
11101111110000000000
3
11101111110000000000
4
01111111110000000000
10
01111111110000000000
0
00111111110000000000
10
00111111110000000000
10
00111111110000000000
10
00011111110000000000
10
00111111110010000000
10
10010111110010000000
9
10010111110100100000
10
10010111110010100000
9
10010111110100100000
10
10010111110010100000
9
10010111110000000000
8
11010111110100000000
0
00011010001000000000
3
00011110011110000000
10
00001110010010000000
9
00001110010000000000
4
00111110010000000000
1
00011110010000000000
4
00111110110000000000
5
11111110100000000000
1
11111100110000000000
2
11111111110000000000
0
11111011110000000000
3
01111110110000000000
2
01111111110000000000
5
11111111010000000000
0
11111111010000000000
1
11111111110000000010
0
11111111010000000010
6
11111111010000000010
6
11111111010000000010
6
11110111010000000000
3
11111111010000000000
4
11111111010000000000
0
11011011010000000000
3
11011111010000000000
1
11011111110000000000
9
11011111110000000000
9
11011111010000000000
9
11011111010000000000
9
11011111010000000000
9
11011111010000000000
9
10001111010000000000
9
10001111010000000000
9
10001111000000000000
9
10001111000000000000
9
10001111000000000010
6
10011011000000000000
6
10011011000000000000
0
00011010001000000000
10
00011010000000000000
4
10111010100000000000
2
10111011100000000000
3
10111111100100010001
10
10111011100000010001
8
10111011100000000001
6
10111011100000000001
6
10111111100000000000
1
10111111110100000000
10
10111111110000000000
5
10111111110000000000
5
11111111100000000000
6
11111101100000000000
2
01111111100000001000
6
01111101100000001000
7
01111101101000000000
10
01111101100000000000
1
00111111110000001001
5
11111101100000000001
6
11111101100000000000
1
11111101110000000000
2
11101111110000000000
9
11100111110000000000
3
11101111110000000000
4
11111100110000000000
7
11111100110000000000
7
01111110110000000000
7
01111110110000000000
7
11111110110000000000
7
11111110110000000000
7
11111110110000000000
7
11111110110000000000
7
11111011100000000000
6
11111011100000000000
0
00011010001000000000
3
00011010001100000000
3
00011110011100000000
10
00011100110010000000
9
00011100111000000000
10
00011100110000000000
4
00111100110000000000
2
00111111110000000000
5
11011101110000000000
2
11011111010000000000
4
11011111010000000000
1
11011111110000000000
4
11111011110000000000
3
11111101110000000000
2
11111111110000001000
1
11111101110000001000
7
01111101110000000000
5
11110101110000000000
2
11110011110000000000
3
11011111110000000000
9
11010111110000000000
3
11011111110000000000
9
11011111110000000000
9
11011111110000000000
9
11011111010000000000
9
11011111010000000010
6
11011111000000000000
6
11011111000000000000
6
11011101000000000000
6
11111101000000000000
0
00011010001000000000
3
00011110101000000000
10
00011110101010000000
10
00011110110010000000
9
00011110111000000000
10
00011110110010000000
9
00010110110000000000
4
00110110110000000000
2
01110111110000000100
3
01111110110000000000
2
11011111110000000000
4
11111111110000000000
4
11111111110000000000
0
10111111110000000000
5
11111111010000000000
1
11111111110000000010
0
11111111110000000010
0
11111111010000000010
6
11111111010000000000
1
01111111010000000000
1
01111111111000000000
10
01111101110000000000
2
01111111110000000000
5
11111111010000000000
6
11111111010000000000
1
11111111100000000000
6
11111011110000000000
8
11111011110000000000
8
11111011110000000000
8
11111011110000000000
8
01111110110000000000
0
00011010001000000000
3
00011010001100000000
3
00011110001110000100
7
00011110001110000011
6
00011110001110000100
7
00011110101110000011
10
00011110000010000011
9
00011110001100000111
10
00011110001010000111
10
00011110000010000111
9
01011110000000000111
7
01011110000000000011
6
11011101000000000100
6
11011100000000001100
7
11011100000010000001
9
11011100000000000001
6
01011100000010001000
9
01010100000000001011
7
01010100000000100011
8
01010100000000001111
7
01010100000000000111
7
01000000001000000111
3
01101100001011001111
10
01001100000001001111
9
01001100001000001111
10
01001000001000001111
10
01001000000001011111
9
01001000000000010111
8
01011000000001011111
8
00001000000001001111
9
00001000000000011111
8
00001000000000001111
7
00001000000100000011
10
00001000000001001011
9
00001000000000001011
7
00001000000000000011
6
00001000000000000110
7
00001000000000000011
6
00001000000000000001
6
00001000000010010100
0
00011010001000000000
3
01011110101110000000
1
00011110111110000001
10
00011010100010000001
9
00011010101000010000
10
00011010101000010100
10
00011010100010010100
9
00011010100100010100
10
00011010100010010100
9
01011010100000010101
8
01111010100000000101
7
11111010100000010000
8
11111010100000000101
7
11110010100000000001
6
01110011100000000000
3
01110111110000010000
5
11110011110000000000
3
11111101110000000000
2
11111111110000000000
0
01111111100000000000
5
11111111110000000000
0
11101111110000000000
9
11101111110000000000
0
11101111110000000000
4
11110111110000000000
3
10111111110000000000
0
10101111110000000000
4
10111111110000000000
10
10111111110000000000
10
10111110100000000000
7
10111110110100000000
10
10111110110000000000
7
10111110110000000000
7
10111110110000000000
7
10111110110000000000
0
00011010001000000000
10
00011010000010000010
9
00011010000100010111
10
00111010000010010111
5
11110000000010010110
8
11010000000010001111
9
11010000000000111011
8
11010000000000001111
3
11011100000000001111
7
11011100000000000011
6
11011100000000000100
7
11010100000000000011
3
11011100000000000111
7
11011100000000000011
6
11001100000000001110
7
01001100000001000010
9
01001100000000000010
6
11101100000000000000
1
11101100110000000000
2
11101111100000000000
4
11111111100000000000
6
11111101010000000000
1
11111101010000000000
1
11111101110000000000
2
11011111110000001000
4
11111101110010001000
7
11011101110000000000
4
11111101110000001000
7
01110101110000000000
2
01111111111000001000
10
01111101110000001000
7
11111101100000000000
7
11111101100000000000
7
11101101100000000000
7
11101101100001000000
9
11101101100000000000
7
11111101100001000000
7
11101101100001000000
9
10101101110000000000
0
00011010001000000000
10
00001111000010010000
9
00001011000100010000
10
00001011000001010000
9
10101011000000010000
8
10101011000000000000
4
10111011110000000000
5
11111010110000000000
2
11111011110000000000
3
11111110110000000000
2
11110111110000000100
3
11111110110000100100
7
11110110110000100000
8
11110111110000000100
3
11111110110000000100
7
11111110110000000000
2
11111111110000000000
0
01011111110000000000
4
01111111110000000000
5
11111111110000000000
0
11101111110000000000
0
10101111110000000000
4
10101111110000000000
4
10111111110000000000
5
11111111100000000000
1
11111111100000000000
6
11011111100000000000
9
11011111100000000000
9
11011110100000000000
7
11011110100000000000
7
11011110100000000000
6
11011110110000000000
0
00011010001000000000
10
00111010000010000000
2
10111111000000000001
6
10111111000000000000
1
10111101110000000001
2
10111111100000000001
6
11111111100000000000
1
11111111100000000000
1
11111111110000000000
0
11111111110000000000
4
11110111110000000000
3
10111111110000000000
5
11111111110000000000
4
11111111100000000000
1
11111111110000000000
3
11111111110000000000
0
11110111110000000000
3
10111111110000000000
10
10111010110000000000
2
10111011110000000000
8
10111011110000000000
8
10111011110000000000
8
10111011110000000000
10
10111011110000000000
8
10111011110000000000
8
11111011110000000000
8
11111011110000000000
8
11111011110000000000
8
11111001110000000000
8
11111001110000000000
8
11111001110000000000
7
11111101110000000000
0
00011010001000000000
10
00011010000000000100
7
00011010000000000011
4
00111011000000000011
6
00111011000000000000
1
00001010010000000000
4
10111010010011000000
2
11011011010011000000
8
11001111010011000010
9
11001111010000000010
6
11001111010000000000
4
11111111010000000000
4
01111110010000000010
6
11111110011000000000
1
01111110111000000000
10
01111100110000000000
2
01111101110000000000
2
01111111110000000000
5
01111111110000000000
5
11111111010000000000
1
11111111000000000000
1
11111101110000000000
7
11110101110000000000
2
11110111110000000000
8
11110111110000000000
0
11110111110000000000
8
11111111110000000000
0
11111011110000000000
8
11111011110000000000
8
11111011110000000000
8
11111011110000000000
8
11111011110000000000
8
11111011110000000000
8
11111011100000000000
0
00011010001000000000
3
00011110001010010010
10
00011010010010010000
9
11011010011000000100
7
01011110011010010010
10
01011010011010000010
2
01011011011010010010
6
01011011010010010000
9
01011011010000010000
8
01011011010000000000
4
01011011010000000000
4
01111011011000000010
10
01111011011000000010
10
01111011010000010010
8
01011011010000000010
6
01011011010000000000
4
01111011010000000000
3
01111110110000000000
2
01111111110000000000
5
11111111111000000000
4
01111111111000000000
10
01110111110000000000
3
11111011110000000000
3
11101111110000000000
9
11101111110000000000
9
11101111110000000000
9
01101111110000000000
10
01111111110000000000
10
01111111000000000000
6
01111110000000000000
6
01111111000000000000
6
01111111000000000000
6
01111011000000000000
6
01101011000000000000
0
00011010001000000000
3
00011100001110000000
1
00011100111110000000
10
00011110110010000000
9
00001110100100000100
7
00100110101101000101
10
00100110100001000101
9
00100110100001000101
9
00000110100000000101
4
10110110101000000001
6
01110110101100000100
7
00110110111100000001
10
00110110100100000001
10
00110110100100000001
10
00110101100000000100
3
00011100100000000101
7
00011100100000000001
6
00011100100000000000
4
10111110100000000000
1
11101110110000000000
4
10111110110000000000
10
10111111110000000000
5
11111011110000000000
3
11101111110000010000
4
11111011100000010000
8
11111011100000000000
3
11111111100000000000
1
01111111110000000000
10
01111111110000000000
10
11111111110000000000
0
11111111110000000000
0
11110111010000000000
8
11110111010000000000
8
11110111010000000000
6
11110111010000000000
0
00011010001000000000
3
00011110001100010010
10
00011010000110000010
2
00011011001110010010
6
00011011001110010000
10
00011001000010010010
9
01011001001000011011
10
01011001000010011011
9
11000001000000011011
8
11001001000010001011
9
11001001000000001011
3
11101101000000001011
7
11101101000000000011
6
11101101000000000000
1
11101111110000000000
4
11111011110000000000
3
11111111110000000000
0
11111011110000000000
0
11111111110000000000
0
11111111100000000000
6
11111111100000000000
6
11010111100000000000
3
11011111100000000001
6
11011111100000000000
9
11011111100000000000
9
11011111100000000000
9
11011011100000000000
9
11111011100000000000
8
11111010100000000000
8
11111000100000000000
7
11011001100000000000
6
11011001100000000000
0
00011010001000000000
3
00011110001100000000
10
00011100000000000010
6
00010101000000000100
3
00011100100000000110
7
00011000000000000011
6
00111000000000000100
7
00111000001000000001
10
00011000000000000111
7
00011000001000010011
10
00011000000000011111
4
00111000000000010111
8
00111000000000001111
7
10111100000100001011
10
10111100000000001111
7
00111100000000000011
6
01111101000000000000
1
01111101111000000001
10
01111101100000000001
6
01111101100000001000
7
01101101100000000001
6
01101111100000001000
6
01101101101000001000
10
01101101100001001001
9
01101101000000001001
7
01101101000000001011
7
01111101000000000011
6
01111101000000000010
6
11101101000000001000
7
11101101000000000011
6
11101101000000000000
1
01101101110000000001
7
01101100101000000001
10
00101110100001001000
9
00100100100000001001
7
10100100100000000001
6
10100100100000001000
7
10100100100000000000
7
11100000100000000000
7
11100100100001000000
0
00011010001000000000
10
00011010000010000000
2
00010011000110010000
10
00010011000000110000
8
00010011000010100000
9
10010011000000110001
8
10010011000010000001
6
10010011000010010000
9
10010011100000110000
8
10110011100000100000
8
10110011100000000000
3
10110101100000000000
2
10110111110000000000
3
10111111110000000000
5
11111111110100000000
4
10111111110100000000
10
10111111110000000000
5
11111111100000000000
1
11011111110000000000
4
11111111110000000000
0
11111110110000000000
0
11111110110000000000
2
11111111000000000000
1
11110101100000000000
2
11110111100000000000
8
10110111100000000000
3
10111111100000100000
1
10111111110000000000
10
10111110110000000000
7
01111110110000000000
7
01111110110000000000
7
01111110110000000000
7
01111110110000000000
10
11111100100000000000
7
11111100100000000000
7
11111100100000000000
7
11111100100000000000
7
11111100100000000000
7
11111100100000000000
7
11101100100000000000
0
00011010001000000000
10
00011010000000000010
6
00011010001000000000
3
00011111101100000000
10
00011111100010000001
9
00011111100100000001
10
10011101100010000001
9
10010101100000000001
6
10010100100000100000
1
10010100110000101100
8
10110100110000001100
7
10110100110000000000
2
10100111110000000000
4
11110111110100000000
3
00111111110100000000
10
00111111110000000000
5
11111111010000000000
1
11111111010000000000
1
11111111110000000000
0
11111111110000000000
0
11111111110000000000
0
10111111110000000000
5
11111011100000000000
3
11111111100000000000
6
11111111110000000000
0
01101111110000000000
4
01111111110000000000
10
01101101110000000000
4
00111101110000000000
10
00011101110000000000
4
00011101110000000000
4
00110101110000000000
10
00110101110000000000
10
00110101110000000000
10
00110111110000000000
10
00110111110000000000
10
00110111100000000000
10
00110011100000000000
8
01110011101000000000
10
01110011000000010000
0
00011010001000000000
10
00011010110000000000
4
00111010110100000000
10
00111010110000010100
8
10111010110000000100
7
10111110110000000000
5
11111110110000000100
7
11110110110000000000
3
11111110110000000000
2
11111111110000000100
1
11111110110000000100
7
01111110100000000000
2
01011111100000000100
6
01010101100000000000
4
01111101110010000000
5
11011101111010000000
9
01011101111000001000
10
01001101110000001000
7
01001101110000000000
4
01111101110001000000
5
11101101110001000000
9
11101101010000000000
1
11101101110000000000
4
11111101110001000000
2
11101111110001000000
9
11101111110000000000
9
11101111110000000000
9
11101111110000000000
9
11101111110000000000
9
11101111110000000000
9
11101111110000000000
9
11101111110000000000
9
11111111110000000000
0
11111111110000000000
0
11111111110000000000
0
11101111110000000000
9
11101111110000000000
9
11101101110000000000
9
11101101110000001000
7
11111101110000000000
0
00011010001000000000
3
01011110101110000000
1
00011110101110000100
7
00011110101110000001
6
00011010101110000000
2
00011011011110010000
10
00011011110010010000
9
00011011111000000000
10
00001011110010010000
9
00001011110100010000
10
00001011110110010000
10
00001011110110010000
10
00001001110011010000
9
00001001110000011000
4
00111001110000011000
8
00111001110000001000
7
00111001110000000000
2
00111011111000000000
10
00111011010000000000
5
11111110010000000010
6
11111110010000000000
1
11111111110000000000
0
11111011110000000000
3
11111101110000000000
2
11111101110000000000
2
11101111110000000000
4
10111111110000000000
10
10111111110000000000
10
11111111110000000000
0
01111011110000000000
10
01111011110000000000
10
01111011110000000000
10
01111011110000000000
8
01111011110000000000
8
01111010100000010000
0
00011010001000000000
3
00011110001000000000
10
00001110001010000001
6
00001100001101000000
1
00101100101111001000
7
00001100101111000000
2
00001111101011000100
10
00001110100011000101
7
00001110101111000001
6
00001110101111000000
10
00001110100011000000
9
10001110100100000000
10
10001110100001000000
9
10001110100000000000
4
10111110100000000000
2
01111111100000000101
6
00111110100000000100
7
00111110100000000001
6
00111110100000000100
7
00110110100000000001
6
10110110100000000000
2
10110111100000000000
3
10111111110000000000
10
10111111110000000000
5
01111111110000000000
10
00111111110000000000
10
00111111100000000000
10
00011111100000000000
4
00111111100000000001
6
00111111100000000000
10
00111111100000000000
10
00011111100000000000
10
00011111100000000000
10
00011101110000000000
10
00011101110000000000
10
00011111110000001000
10
00011101110000001000
0
00011010001000000000
10
00111110000010000000
1
00111110111010000100
10
00011110110010000100
7
00011110110110000000
10
00011110110010000000
9
00011110110000000000
4
01111110110100000000
2
00111111110100000000
10
00011111110000000000
4
01111101110010000000
5
11111101110010001000
7
11011101100010000000
9
11010101100010000000
9
11010101100000100000
8
11010101000000101001
8
11010101000000001011
7
11010101000010000011
9
11010101000000100011
8
11010101000000000011
6
11100101000000001000
7
11100100000000100001
8
11100100000000001101
7
11100100100000100011
8
11100101000000101111
8
11100100000000001111
7
11100100000001101011
9
11100100000000101111
8
11000100000000001111
7
00100100000010000011
6
00100100000101100100
10
10100100000001101101
9
10100100000100101111
10
10100100000001101111
9
11100100000100001111
7
10100100000101000011
10
10100100000101000011
10
10100100000001101011
9
10100100000000101110
6
10100100000000101100
0
00011010001000000000
3
00011010101110000000
2
00011111101110010100
10
00011010110010010100
9
00001010110000010100
4
00111010110011000000
2
00001011110011010000
9
10001011110001010000
9
00001011110100010000
10
00001011110011010000
9
00001011101000000000
3
00001111101111000000
10
00001111100011000000
9
00001111101000000000
10
00001111100011000000
9
00001111101001000000
10
00001111100010000000
9
00001111101000000000
10
01001111100001000000
9
01001111100000000000
4
01111111101011000000
10
01001111100001000000
9
01001111101000000000
10
01001111100010000000
9
01001111100000000000
4
01111111101000000001
10
00101111100000000001
6
00101111000000000000
4
00111111010000000000
10
01111111010000000000
10
01111111010000000000
10
01111111010000000000
10
00111111010000000000
10
00111111000000000000
10
01111111000000000000
6
01111111000000000000
6
01111111000000000000
6
01111111000000000000
6
01111111000000000000
6
11111111000000000000
0
00011010001000000000
3
00011100001110000001
6
00011100001110001001
10
00010100000010001011
9
00001100000010101111
9
00000100000000101010
4
00000100000000101111
4
00010100000000101111
4
00110100000000101111
8
00110100000000001101
7
01111100000000100011
7
11110100000000100011
8
11110100000000001110
7
11110100000000000011
6
11110100000000000110
7
11110100000000000010
6
11110101000000000000
1
01110101110000000000
2
01100101110000000000
4
01110101110000000000
2
01110111110000100000
8
01110110110000000000
2
01110111111000000000
10
01111110110000000000
7
01101110110000000000
4
01111110110000000000
5
11111110110000000000
2
11111111110000000000
0
11111111010000000000
6
11111111010000000000
6
11111111010000000000
6
11111111010000000000
6
11111111010000000000
6
11111110010000000000
7
11111110010000000000
7
11111010010000000000
8
11111010010000000000
8
11111011010000000100
6
10111010010000010000
8
10111010010000000100
0
00011010001000000000
3
00011110001000000000
10
00011110000000000000
1
00111110111000000000
10
00111110110000000000
5
11111110110000000000
7
11111110110000000000
7
10111110110000000000
2
10111111110000000000
5
10111111010000000000
1
10111111110000000000
10
10111111110000000000
5
11111111110000000000
1
01111001110000000000
2
00111011100000001000
6
00101001100000000000
4
00101001100000000000
4
00111001100000000000
2
10111011100000000000
1
10111011110000000000
3
10111111110000000000
5
10111111110000000000
10
11111111110000000000
0
11111111110000000000
0
01111111110000000000
5
11111111111000000000
4
01111111111000000000
10
01111111110000000000
10
01111111100000000000
6
01110111100000000000
10
01110111100000000000
8
01110110001000000000
10
01110111000000000000
6
01111011000000000000
6
01111011000000000000
6
00111011000000000000
10
00111111000000000000
10
00101111010000000000
10
00101111110000000000
10
00001111110000000000
0
00011010001000000000
3
00011110001100000000
10
00011110001010000000
10
00011110000010000000
9
00011110100010000010
9
00011111000000000111
4
00111010000100000011
10
00111010000000000011
6
00111010000000000000
2
10111011100000000000
1
10111110110000000000
2
10111111110000000000
5
11111011110100000000
3
10111110110100000000
10
10111110110000000000
5
11111111110000000100
1
11110110110000000100
7
11111110110000100000
7
11110100110000000000
2
11110101110000000000
2
11110111100000000000
3
11101101100000000000
1
11101101110000000000
2
11101111110000000000
9
11101011110000000000
3
01111111110000000000
10
11011111110000000000
9
11011111110000000000
9
11010111110000000000
9
11011111110000000000
9
11011111110000000000
9
01011111110000000000
0
00011010001000000000
3
00011110000010000000
9
00001110000000000000
4
00111100000000000000
1
00101100010000000000
4
00110100010100000000
10
00110100010000000000
2
10100101000000000000
3
10101111000000000000
4
11110111000100000000
1
11110111110100000000
3
10111111110100000000
10
10111111110000000000
5
11111111110000000000
0
11011111010000000000
9
11011111010000000000
4
11111111010000000000
1
11111111010000000000
5
11111111010000000000
6
11111111010000000000
6
11111111010000000000
6
11111110010000000000
1
11110110110000000000
2
11010111110000000100
8
11010110110010000000
9
11010010110000100000
8
11010110110000000000
8
11010110010010000000
9
11011111010000100000
9
11010111010000100000
8
11010111010000000000
0
00011010001000000000
3
00011110001000010000
10
00011010100010010100
9
00011010101010010100
10
01011010101010010100
10
01010010100010010100
9
11010000100000010101
8
11010000100010001101
9
01010000100000111101
8
01010000100000001101
7
01000000100000001001
3
01001101100000001101
4
01111100100000001101
7
01111100101000000001
10
01111100100000000001
6
01101100100000000000
2
01101111110000000000
5
11101111110000000000
4
11111111110000000000
0
11101111110000000000
9
11101101110000000000
4
11111101110000000000
2
00111111110000000000
5
11111101110000000000
7
11101111110000000000
9
10101011110000000000
10
10101011110000000000
9
10101011110000010000
8
10101011110000000000
9
10101011110000000000
8
10101011110000010000
0
00011010001000000000
10
00011010000010000000
2
00011011100010010001
6
00011011100010010000
9
00011011100000010000
8
10011011100000000000
4
10111011100000000000
3
00111111110000000000
5
11111111010000000000
1
01111111110000000000
5
11101111110000000000
4
11111101110001000000
2
11111111100001000000
1
11101111110001000000
9
11101111110000000000
4
11011111110000000000
4
11111011110000000000
3
11101011110000000000
3
11101011110000000000
3
11101111110000000000
4
11101111110000000000
9
11111111110000000000
0
10111110110000000000
7
10111110110000000000
10
11111110110000000000
7
10111010110000000000
2
10111011110000000000
8
11111011110100000000
8
10111011110100000000
10
10111011110000000000
8
10111011110100000000
10
10111011110000000000
8
10111011010000000000
6
10111111010000000000
0
00011110001100000000
10
00011110000000000000
1
00011111100010000000
9
01001111100100000000
9
01000011101100000001
3
00001111101110000001
6
00011111101111000000
10
00001111101011000000
10
00001011100011000000
9
00001011100100010000
10
00001011100101010000
10
00001011100011010000
9
00000011100000010000
8
00000011101001000000
10
00000011101011110000
10
00000011000011110000
9
00000011000100110000
10
00000011000011110000
9
10000011001000110000
9
00010010001000110000
1
00010010111010110100
10
00010010110010110100
9
00010010111000110100
10
00110010110010110100
8
01010010110010000100
9
01010010110000000100
7
01010010110000000000
3
01010110110000000000
3
01110110110000000000
2
01110111110000000000
10
01110111110000000000
10
01110111110000000000
8
01110111110000000000
10
01110111110000000000
8
01110111110000000000
8
01110110111000000000
10
01110110111000100000
8
01110110111000000100
0
00011010001000000000
3
00011110011110000000
10
00011110010010000000
9
00011110010000000100
7
00011110100000000010
4
00111110100000000011
2
00111111100000000111
5
11111110100000000011
7
11111110000000000011
6
01111110000000000100
7
01111100000000000011
6
01111100000000000000
1
01111101110000000000
5
11111101110000001000
7
11111101110000000000
2
11111111110000001000
1
11111101110000001000
7
01111101110000000000
5
11110101110000001000
7
11110101110000000000
2
11110111110000000000
0
01110011110000000000
3
01111111100000010000
1
01111011110000010000
8
01111011110000000000
3
00111111110000010000
5
11111011110000000000
3
11111011110000000000
8
11111011110000000000
8
11111011110000000000
3
01111111100000000000
10
00111111110000000000
10
00111011100000000000
10
00101011100000010000
8
00101011100000000000
10
00101011100000000000
10
00101011100000010000
8
00101011100000000000
10
00101011100000000000
10
00101011100000000000
0
00011010001000000000
3
00011110001000000000
10
01011110000000000000
1
01011110110000000000
4
01111110110000000000
5
11111110111000000000
2
01111111111000000000
10
01111111110000000000
5
11011111110000000000
4
11111111110000000000
5
11011011110000000000
3
11011111110010000000
9
11011111110000000000
9
01111111110000000000
5
11011111110000000000
4
11110111110000000000
8
11110111110000000000
0
11110111110000000000
8
11110111110000000000
3
10111111110000100000
5
11110111110000100000
8
11110101110000100000
8
11100101110000001000
7
11100101110000000000
3
11101101110000100000
7
11100101110001100000
9
11100101110000101000
8
11100101110000001000
7
11110001110001101000
8
11100001110000001000
7
11100001110000000000
0
00011010001000000000
3
00011010001010000000
2
00011011001110010100
10
00011011000010010110
9
00011010000000010110
8
00011010000010000111
9
00011010000000010111
4
10111010000000000111
7
10111010000000000011
6
10011010000000000000
2
10011011000100000100
10
10011110000110000001
6
10011110000110000100
7
10011100000110000011
10
10011100000010001111
9
00011100000000001111
5
11011100000000001111
7
10111100000000000010
6
10111100000100000000
10
10111100000100000101
10
10101100000000000011
6
10101100000000001000
7
11101100000000000010
6
11101100000000001000
7
11101100000000000001
6
11101100000000000000
1
11111100110000000000
7
11111110110000000000
7
11111110110000000000
7
11111110110000000000
2
01101111110000000000
4
01111111110000000000
10
01111111110000000000
10
01111111010000000000
10
01101011010000000000
9
01101001010000000000
10
01101001010000000000
9
01101001010000010000
8
01101010010001001000
9
01101000010000011100
0
00011010001000000000
3
00011010001100000000
3
00011110001100000000
10
00011100000010000000
9
00011000001000000000
10
00011000000000010000
1
00010000110010001100
9
01010000110000111100
8
01010000110000001100
7
01010000110000000000
3
01011000110000000000
3
01011100110000010000
7
01011001110000000000
3
01011001110010000000
9
01011001110000011000
8
01011001110000001000
7
01011001110000000000
4
00111001110000000000
2
01111011100000000000
5
11110011101000000000
3
01101111101000000000
10
01101111101001000000
10
01101011000001000000
9
01101011000000010000
8
01001011000000010010
6
01101011000010010000
8
11001011100000000000
3
11001011100000000001
6
11001011100000000000
3
11001111100000000000
9
11001111100000000001
6
11101111100000000000
9
11101111100000000000
9
11101111100000000000
9
11101111100000000000
9
11101111100000000000
9
11101111100000000000
9
11111011100000000000
8
11111011100000000000
6
11111011100000000000
0
00011010001000000000
3
00111110001100000010
6
00111111001100000000
10
00111111000000000001
6
00111111000000000000
1
00111111110000000000
5
10111110110000000000
2
10111111110000000000
0
10111111110000000000
5
11011111110000000000
0
10111111110000000000
10
10111111110000000000
5
11101111110000000000
9
11101111010000000000
9
10101111010000000010
6
10101111000000000000
6
10101111000000000000
6
10101111000000000000
6
11101111100000000000
9
10101011100000000000
10
10111111100000000000
10
10111111100000000000
6
10111111100000000000
0
00011010001000000000
3
01011100001110000000
1
00010100111110000000
2
00010111111110100000
10
00010111111000100000
10
01010011100000100000
8
01010011100000000000
3
01010111100000000000
4
01111011100000000000
3
01111111100000000001
6
01111111100000000000
5
01101111101000000000
10
01101111100001000000
9
01101111101000000000
10
01101111100000000000
4
01111111010000000000
5
11111111010000000000
1
11111111010000000000
1
11111011110000000000
3
11111111110000000000
0
10111111110000000000
10
10111111110000000000
10
10111011010000000000
1
10111011110000000000
10
10111011010000000000
8
10111011010000000000
6
10101011010000000000
4
10111011010001000000
8
10111011010001000000
8
11101001010001000000
9
11101001010000000000
8
10101001010000000010
6
10101001010000000000
6
11101001010000000000
0
00011010001000000000
3
00011111001100000000
10
00011111000010000000
9
00011111000000000000
4
10111111000000000000
1
11111111110000000000
5
11011111110000000000
9
11101111110000000000
4
11111110010000000000
1
11111110110000000000
7
11111110110000000000
2
11111111110000000100
3
11111110110000000000
7
11111111010000000000
1
11111110110000000000
2
11111111110000000000
0
11111111110000000000
0
11111111000000000000
1
11101111110000000000
9
11100111110000000000
3
11100101110000000000
3
11001101110000001000
7
11001101110000001000
7
11001101110000000000
9
11011101110000000000
9
11111100110000000000
7
11110100110000000000
7
11111100110000000000
7
11111100110000000000
7
11111101110000000000
7
11111101110000000000
0
00011010001000000000
3
00011100001110000000
1
00011101111110000000
10
00011101110010000000
9
01011101110000000000
4
01111111110000000000
5
01111111110000000000
10
01011111110000000000
4
01111111111000000000
10
01111111110000000000
0
01111110110000000000
5
11111110111000000000
2
01111111110000000000
5
11111111110000000000
0
11111111010000000000
1
11111101010000000000
7
11111101010000000000
1
11111101110000000000
2
11111111110000000000
0
11111111110000000000
0
11111011110000000000
8
11111011110000000000
8
11101011110000000000
3
11101111110000000000
9
11101111110000000000
9
11101111110000000000
9
11101111100000000000
9
11101111100000000000
9
11101110110000000000
9
11101110110000000000
9
11101110110000000000
9
11100110110000000000
7
11000110100000000100
0
00011010001000000000
3
00011110001100000000
10
00011110100010000000
9
00010010100100000000
3
00011110101110010000
1
00011010111110000100
10
00011010110010000100
9
00011000110100010100
10
00011000110010011100
9
00011000111100011100
10
00011000110010011100
9
01011000110100011100
4
10011000111010011100
9
00011000111100011100
10
00011000110010011100
9
00011000110010011100
9
00011000010000011100
8
00011000011010001110
10
00011000010010011110
9
00011000011000011010
10
00111000011000011110
10
00110000010000011010
8
10100000010000011110
8
11100000010000001110
7
11000000010000100010
8
11000000010010001110
9
11000000010000101110
8
11000000000010001110
9
11000000000000011111
8
11000000000000011111
8
11001000000011001111
9
11001000000000011111
8
11001000000010011111
9
11001000000000011011
8
11001001000010001111
9
11001000000000011111
8
11101000000001001111
9
11101000000000001111
7
11101000000000001001
6
11101000000001001000
0
00011010001000000000
3
00011110001110000000
10
00011110000010000000
9
01011110000010000000
9
01011110100000000000
4
01110110100000000000
2
01110111100000000000
1
01110011110000000000
3
00111111010000000000
5
11111110010000000000
1
11111110110000000000
7
11111100110000000000
2
01110111110000000100
3
01101110110000000000
4
01111110110000000000
5
11111100110000000000
2
11101111110000000000
9
11100111110000000000
3
11101101110000000000
2
11001111110000000000
4
11110111110000000000
3
11110111110000000000
3
11111111110000000000
0
11111110110000000000
0
10111110110000000000
7
10111110110000000000
5
11111110100100000000
1
10111110110100000000
10
10111110010000000000
1
10111110110000000000
7
10111110110000000000
7
10111110110000000000
7
10011110110000000000
10
10011111010000000000
10
10111111110000000010
10
10111111010000000010
0
00011010001000000000
3
00011110000010000000
9
00011110000100000000
10
00011110000010000000
9
00011110000000000000
1
00011110110000000000
4
00111110110000000000
5
11101110110000000000
2
11101111110000000000
4
11111111110000000000
0
01111111100000000000
5
01111111101000000000
10
01111111100000000000
1
01110111110000000000
3
01101111110000000000
4
01111011110000000000
3
01111111110000000000
5
11111111100000000000
1
10101111110000000000
4
10111111110000000000
10
10111111100000000000
6
10111111100000000000
10
10111111100000000000
10
10111111100000000000
10
10111111100000000000
10
10111111100000000000
6
11111111100000000000
6
01111111100000000000
10
01011111100000000000
10
11011111100000000000
9
11011111100000000000
9
11011011100000000000
6
11011011100000000000
0
00011010001000000000
3
00011110001110000000
10
00011100000010000010
9
00011100000000000011
6
00011100001000000001
10
00101100000000000001
6
01101100001000000000
10
01101100000001000000
9
01101100000000001000
7
01111100001000001000
10
01111100000000001110
7
11101100000000000011
6
11101100000001001000
9
10101100000000001000
7
11101100000000000011
6
11101100000000000000
1
11101000110000000000
2
11100011110000000000
3
11101111010001000000
9
11101111100000000000
1
11101111110000000000
4
11111111010000000000
1
11101111010000000000
4
11111111010000000000
6
11111111010000000000
6
11111011010000000000
6
11110011010000000000
8
11110011010000000000
8
10110011010000000000
8
10110011010000000000
8
11110011010000000000
8
11110011010000000000
8
01110011110000000000
8
01110011110000000000
8
01110000110000000000
7
01110000111000000000
0
00011010001000000000
3
01011111001000000000
10
01011011000010000000
9
01011011000010010010
6
01001011001000010000
10
01001011000011010000
9
11000011100001010001
6
11000011100011110000
9
11000011100000110001
6
11000001100000110000
1
10000001110010111001
9
10000001100000011000
8
10000001100100001000
3
10001101100111001001
7
10001101100111000001
6
10001101100111000000
10
10001101100001000000
9
10001101100000000000
4
10111101100010000000
1
10011101110010000000
9
10011101010000000000
4
11111101010000000000
1
11101101110000000000
2
11101111110000000000
4
11111111110000000000
0
11111111110000000000
0
11111111110000000000
0
10111111110000000000
10
10111111110000000000
10
10110111110000000000
8
10110111110000000000
8
10110111110000000000
10
10110111110000000000
10
10111111110000000000
10
10101111110000000000
10
10111111110000000000
10
10111111110000000000
10
00011010001000000000
3
00001110011100000000
10
00001110010011000000
9
00001110010000000000
4
00111110010000000000
1
00111110111000000000
10
00111110110000000000
5
11111110110000000000
2
11011111110000000000
4
11111111010000000000
1
11111111110000000010
0
11111111000000000010
6
11111111000000000000
1
11110111110000000000
3
11111111110000100000
2
11110111110000100000
8
11110111010000000000
2
11110111010000000000
3
11111101010000000000
1
11110101110000000000
2
11110101110000000000
2
11010111110000100000
8
11010111110000000000
3
10011111010000000000
4
10111111010000000000
10
10111111010000000000
6
10111111010000000000
10
10111111110000000000
0
10111111110000000000
10
10111111110000000000
10
10111111110000000000
10
10111111010000000000
10
10110111010000000000
6
11110111010000000000
0
00011010001000000000
3
00011110101110000100
7
00011110101110000000
10
00011110100010000000
9
00011110111000000000
10
00011110110010000100
7
00011110110010000000
9
00011110111000000100
10
01011110110010000100
9
01011110110000000100
7
01011010110000000000
3
01011110110000000000
4
01111110110000000000
2
11111111010000000000
1
11111111110000000000
1
11011111110000000000
4
10111111110010000000
5
11010111110010000000
9
11010111110000000000
3
11011111110000000000
4
11011111110000000000
9
11111111110000000000
0
11101111110000000000
0
11101111110001000000
9
11101111110000000000
9
01101110110000000000
4
01111110110000000000
2
01111111111000000000
10
01111111110000000000
10
01111111110000000000
10
01111011110000000000
8
01111011110000000000
8
01101011110000000000
4
01111011110000000000
10
01111011110000000000
10
01111011110000000000
8
00111011110000000000
10
01011111110000000000
10
11011111110000000000
9
11011111110000000000
0
00011010001000000000
3
01011111101010000000
10
01011111100010000000
9
01011111100000000000
4
01111110110000000000
2
01111111110000000000
5
11010111110000000000
3
11010111110000000000
3
11011111110000100000
4
11111011110000100000
2
11110011110000000000
3
01111111110000000000
5
11111111110000000000
0
11111111110000000000
4
11111111010000000000
1
11011111110000000000
4
10111110110000000000
2
10111111110100000000
10
10111111110000000000
10
10111111010000000000
1
10111111110000000000
5
10111111110000000000
10
10111111110000000000
10
10101011110000000000
4
10111000110100000000
10
10111000110000000000
2
10111011110000000100
8
10111011110000000100
8
10111011110000000000
10
10111011110000000000
8
10111011110000000000
8
00111011010000000000
10
00111011010000000000
10
00111011110000000000
0
00011010001000000000
3
00011110001110000010
6
00010110001110000000
2
00010110100110100000
10
00010110100010100000
9
01010110100000100100
8
01010110100010100101
9
01010110100000100101
8
01010110100010000101
9
01011110100010000001
9
01011110000010000101
9
01011110000000000111
7
01111110000000000110
7
01111110000000000111
7
01111110000000000111
7
01111110000000000111
7
01111110000000000011
6
01111111000000000111
6
01111110000000000111
7
01111110000000000011
6
01111110000000000000
1
01101110110000000000
4
01101110110000000000
4
01101110110000000000
4
01101111110000000100
4
01111110110000000100
7
01111110110000000100
7
01111110110000000100
7
01111110111000000000
10
01110110110000000000
2
01100110110000000000
3
11100110110000000000
3
11100010110001000000
9
11100011110000000000
3
11110011110000000000
8
11110011110000000000
8
11110011100000000000
8
11100011100000000000
8
11110011110000000000
8
10110111110000010000
0
00011010001000000000
3
01011110001110000010
6
00010110001000000011
10
00011110000100000000
10
00001110000110000000
10
00001110000011000000
9
00001100001000000000
10
00000100011110000000
2
00000100011111000100
10
00000100011111000110
10
00000100011111101110
10
00000100010010101110
9
00000100010011001110
9
00000100010011100010
9
00000100011000100110
10
00110100011111101110
10
00100100010011100110
5
10000100010001101110
9
10000100010001101110
9
10000100010100101110
10
10000100010011101110
9
11000100010011100010
9
11000100010011101110
9
11000100010000101110
8
11000100010000001110
7
11000100010010001110
9
11000100010010001110
9
11000100010000101100
8
11000100010000001110
7
10100100010000001110
7
10101100010000101110
7
10100100010000101110
8
11100100010000100010
8
10100100000000000110
7
10100100000000000011
6
10100110000000000000
6
10101110000000000001
6
10101110000000000001
6
10101110000000000000
6
10101110000000000000
0
00011010001000000000
3
00011110001110000001
6
00011110001110000000
10
00011110000110000001
6
00011111001100000000
10
00011101000000000000
1
00011100110000000001
4
00011100100000000001
6
00011100101000000100
10
00011100101110001100
7
00011100101110001101
10
00011100100010001101
9
00011100000000001101
5
11011000000000001101
3
11010000000010001111
9
11010000000000101111
8
11010000000000001111
3
01010000000000101111
8
01010100000000101110
8
11010100000000101011
8
11110100000000101111
8
11110100000000101100
8
01110100010000101111
8
01110100000000001111
7
01110100001000000110
10
01111100000000000111
7
11111100000000000111
7
11110100000000001111
7
11110100000000001111
7
11110100000000001011
7
11110100000000001111
7
11110100000000001111
7
11110000000000101110
8
11110000000000001111
7
11110000000000000011
6
11110000000000001000
7
11110000000000100010
8
11110100000000111111
7
11110000000000110011
7
11110000000000110011
0
00011010001000000000
3
00011110001110000000
10
00011111011110000000
10
00011111011110000000
10
00011111010010000000
9
00011110110000000000
4
00111110111000000000
10
00111110110000000000
5
10011010110000000000
3
10011110110000000000
4
10111110110000000000
2
10111110110000000000
2
11111110110000000100
7
11111110110000000000
5
11111010110000000000
2
11111010110000000000
3
11111110110000000000
2
11111111110000000100
1
11111110010000000100
7
11111110010000000110
7
11111100010000000110
7
10111100010000000010
6
11111100010000000010
6
11111100010000000000
2
11111100010000000010
6
11111100010000000010
6
11011100010000000000
2
11010100110000000110
7
10010100010010000010
9
10010100010110101010
10
10010100000110100010
10
10010100000010101111
9
10010100000000101100
8
10010100000010001111
9
10010100000100101111
10
10000100000110101111
10
10000100000110101111
10
10000000000011101110
9
10000000000000111111
8
10000000000011001111
0
00011010001000000000
3
00011010100100000000
3
00011010110110000000
2
00011011111110010000
10
00011011111110010000
10
00010011110000010000
8
00010011110000000000
4
00010010110000000000
3
00011110110000000000
5
00011110110000000000
4
00011110100010000000
9
00011111100010000000
9
00011111100010000000
9
00011111100000000000
4
00010110100100000000
3
10010110110110000000
2
10010110110110000000
2
10010110110010100000
9
10010110110010100100
9
10010110110000100100
8
10110100110000000100
7
10110100110000100000
8
10110100110000000100
7
10110100110000000100
7
10110110110000001100
3
11110000110000100100
8
10110010110000001100
8
10110000110000001100
7
10110000110000110000
8
10110000110000001100
7
10110000110000111100
8
10110000110000001100
7
10110000110000010000
8
10110010110000111100
8
10110000110000001100
7
11110000110000000000
8
11110010110000000100
7
11110110110000000100
7
11111110110000100100
7
11110110100000100100
0
00011010001000000000
3
00011010000010000000
2
00011011000010000000
9
01001011000000010000
8
01001011000000000000
4
01111011000000000000
1
11111011110000000000
3
11111011110000000000
8
11111111110000000000
0
00111111110000000000
5
00111111010000000000
5
11111111110000000010
0
01111111010000000000
5
11111111010000000000
1
11111111110000000000
0
11111111110000000000
1
11111111110000000000
0
11111111110000000000
0
01111111110000000000
5
01111111110000000000
5
11111111110000000000
0
01111111110000000000
10
01111111110000000000
5
11111110110000000000
2
11111111110000000000
0
11111111110000000000
0
11111111110000000000
0
11110111110000000000
3
11111111110000000000
0
11111111110000000000
0
11111111110000000000
0
11101111110000000000
9
01111111110001000000
10
01101111110001000000
9
01101111110001000000
9
01101111110000000000
10
01101011110000000000
9
01101011111000000000
10
01101111111001010000
10
00101011110001000000
0
00011010001000000000
3
00011110001110000001
6
00011110001010000001
6
00010110001110000000
2
00010110110110100000
10
00000110110010000000
9
00001110110010000000
9
00001110110010000000
9
00011110110111000000
10
00001110110011000000
9
00001110110100000000
10
00001110110011000000
9
00001110110111000000
10
00001110110011000000
9
01001110110111000000
9
00001110111100000000
10
00001110111101000000
10
00001111111111000000
10
00001011111111000000
10
00001011111100010000
10
00001011111011010000
10
00001011111100010000
10
00001011111100010000
10
00001011111100010000
10
00001011110011010000
9
00001001111011010000
10
00000001110011011000
9
00000001111001111000
10
00000000111101111000
10
00000000101111001100
10
00000000111100111101
10
00000000111011111100
10
01000000111011110000
10
01000000111011001100
10
01000000110011111100
9
01000000111001101100
10
01000000110011111100
9
11000000101001111100
9
01000000101000111100
9
01000000101000111101
0
00011010001000000000
3
00011110001100000000
10
00011010011110000000
2
00011011011110010100
10
00011010011110010110
10
00011010000010010110
9
00011010011010010111
10
00011010010110010110
10
10011010000110000110
10
10011010000110000111
10
10011010000100010111
10
10011010000100010111
10
10011010000110000111
10
10011010000010000111
9
11011010000000010111
8
11011010000010000111
9
11011010000000010111
8
11011010000000000111
7
11010110000000000111
7
11010110000000000011
6
11010110000000000111
7
11010110000000000011
6
11010110000000000110
7
11010110000000100111
8
11010110000000100100
8
11010110000000000110
7
11010110000000100111
8
11010100000000000111
7
11010100000000001000
7
01010100000000000010
6
01010000010000000000
2
01010011010010100000
9
01010011011000110000
10
01010010011000010010
10
01010010010010110100
9
01010010011000110110
10
01010010010000110110
8
01010010010000000110
7
01011110010000010110
7
01011010010010010010
0
00011010001000000000
3
00011010000000000100
7
00011110010000000100
7
00111110010010000110
7
00011110011010000010
6
01011110011110000010
6
00011010011110000000
2
00011010111110010000
10
00011010111010010100
10
00011010110010010000
9
00011010110000010100
8
00011010010000000100
7
00011010010000000000
4
00111000010000000000
2
01101100010000000010
6
01101101010000000000
4
01101110110000000000
4
11101110110000000000
4
11111110110000000000
2
11111110110000000100
7
11111110110000000000
2
11111110110000000000
7
11101110110000000000
0
11101110110000000000
2
11100110010000000000
2
11100110010000000010
6
11000110010000000000
3
11000110110000100000
8
11010110010000000100
7
11010110010010000100
9
11010110010010100000
9
11010010000000100100
8
11010010000000000111
7
11010010000000100011
8
11010010000000100011
8
11010010000000110100
8
11010010110000110100
8
11010000110000110100
8
11010000110010111100
7
11010000110010110000
0
00011010001000000000
3
00111110000010000000
1
00011110001010000001
6
00011110001110000000
10
00001110001100000000
1
00001110111111000000
10
00001010111111000000
2
00001011111111010000
10
00001011111111010000
10
00001011110011010000
9
00001011111101010000
10
00001011110011010000
9
00001011110000010000
4
00111011110000010000
8
00111011110000010000
8
10111011110000000000
3
10111101110000000000
7
10111111110000000000
5
11111111110000000000
3
11011111100000000000
4
11111111100000000000
0
10111111100000000000
1
10111111100000000000
1
10111111100000000000
5
11111110000000000000
1
11111010000000000000
1
11111010100000000001
6
11011010100000000000
3
11101010100000000000
2
11101010100000010100
8
11101010100001000101
9
11101000100000010101
8
11101000100000001101
7
11111000100000001101
7
11011000100000000001
6
11011000100000000100
7
11011000100000010001
8
11011000100010001001
9
11011000100000001101
6
11011000100000011101
0
00011010001000000000
3
00111110001110010010
10
00011000000010010110
9
11011000000010011111
9
11011000000000011111
8
11011000000000001111
3
11001100000000001111
7
11001100000000000010
6
11101100000000000000
1
11101100110000000000
2
11101111110001001000
9
11101001110000000000
3
11101001110000000000
3
11101101110000000000
4
11111101110000000000
1
11111101110000000000
2
11111101110000000000
2
11111101010000000000
1
10111101010000000000
1
10111101110100000000
10
00111101110100000000
10
00111011111100000000
10
00111111110000000000
5
11111111110000000000
0
11111111110000000000
0
11111111110000000000
0
00111111010000000000
5
10111111010000000000
5
11111111010000000000
6
11111111000000000000
6
11111111000000000000
6
11111111000000000000
6
11101111000000000000
6
11100111000000000000
6
01101111000000000000
6
01101111000000000011
6
01101111000000000000
6
01101111000000000000
6
01101111010001000000
9
01101111010000000000
0
00011010001000000000
3
00011110001000010000
10
00011010000010010000
1
00011010000010010100
9
01011010000000010111
8
01101010001000010111
10
01101010000000010111
8
11101010000000000111
7
11101010000000000111
7
11111010000000000101
7
11111010000000000101
7
11111110000000000111
7
11111110000000000111
7
11111010000000000111
7
11111010000000000011
6
11111010000000000010
6
11111010000000000010
6
11111010000000000000
2
11111000000000000000
2
11111011000000010000
8
11111001000000000010
6
11111001000000000000
1
10111001000000000000
2
10111001000000000000
2
10111101000000000000
1
10111101000000000000
1
10111101000000000000
1
10111101100000000000
1
10111101100000000000
1
10111101110000000000
7
11111101110000000000
7
00011010001000000000
3
00011010001110000000
2
00011010001110000000
2
00011010011010000000
2
00011110011010000000
10
00011111010110000010
6
00011111011110000010
6
00011101010010000010
9
00011101010010000010
9
10011100010110000010
10
10011100010110000010
10
10011100010100000010
10
10011100010010001110
9
10011100010010001010
9
10011100010110001110
10
10011100010110001100
10
10011100010110001110
10
10011100010100001110
10
10011100010100001110
10
00011100010100000110
10
00011100011100000110
10
00011100010110001110
10
00011100010000001110
7
00111100010000000110
7
10111100010000000110
7
10111100010000001110
7
10111100010000001010
7
10111100010000001110
7
10111100010000001110
7
00111100010000001110
7
00111100010100001110
10
00111100011100001100
10
00111100011100001110
10
00111100011100001100
10
00011100010000001110
7
11011100010000001010
7
11011100010000001100
7
11011000010000001100
7
11011000010000001110
7
11011000010010001110
0
00011010001000000000
3
00011110001100000010
6
00011110001100000010
6
00000010001100000010
3
00000011001111000011
6
00000011001011110011
6
