-750.57
-245.9
-751.49
-1061.32
-836.8
-718.38
-310.75
-353.75
-756.78
-950.32
-801.63
-946.38
-704.88
-472.7
-732.86
-696.8
-593.34
-421.55
-747.86
-669.57
-723.28
-705.78
-778.44
-987.86
-702.32
-449.34
-819.88
-701.28
-667.2
-673.82
-557.38
-799.07
-838.38
-949.57
-662.03
-814.03
-679.42
-1080.55
-696.05
-942.17
-634.74
-486.8
-364.76
-1074.98
-1000.11
-443.32
-829.17
-572.32
-657.4
-545.78
-578.19
-651.86
-827.32
-897.11
-601.28
-761.57
-1075.03
-822.07
-562.63
-510.55
-835.82
-484.21
-1036.61
-623.49
-669.82
-444.71
-965.28
-421.06
-249.9
-936.61
-1083.88
-779.88
-598.95
-421.07
-739.78
-963.07
-913.57
-291.69
-720.57
-624.78
-673.84
-805.57
-947.42
-958.82
-796.13
-834.57
-866.92
-747.59
-925.61
-979.07
-883.32
-320.45
-994.32
-710.86
-1046.36
-468.36
-1081.63
-430.95
-508.9
-883.78
