000000000000011100
5
000011100000001100
8
000011100000001100
8
000011100000001100
4
000011100000000100
0
000011100000100100
9
000111100000100100
9
000111100000100100
8
001111100000100100
9
001111100000100100
8
001111100000100100
8
001111100000100100
9
001111100000100100
9
001111100000100100
8
001111100000100100
8
001111100000100100
8
001111100000100100
8
001111110000100100
8
001111110000100100
8
001111110000100100
8
001111110000100100
9
001111110000100100
9
001111110000100100
9
001111110000100100
9
001111110000100100
8
001111110000100100
8
001111110000100100
8
001111110000100100
6
001111110000000100
0
000000000000011100
5
000011100001001100
8
001011100001001100
7
001011100000001100
8
001011100000001110
8
001011110000001110
8
001011110000001110
8
001011110000001110
1
001011110000001110
1
001011110000001110
1
001011110000001110
1
001011110000001110
1
001011110000001110
1
001011110000001110
8
001011110000001110
8
001011110000001110
8
001011110000101110
8
001111110000101110
8
001111110000101110
8
001111110000101110
8
001111110000101110
8
001111110000101110
8
001111110000101110
8
001111110000101110
8
001111110000101110
8
001111110000101110
8
001111110000101110
8
001111110000101110
9
001111110000101110
9
001111110000101110
8
001111110000101110
0
001111110000101110
6
001111110000001110
4
001111110000000110
2
001111110000000100
0
000000000000011100
5
000011100000001100
8
000011100000000100
0
000011100000000100
0
000011100001000100
8
001011100001000100
8
001011100001000100
8
001011100000000100
0
001011100000100100
6
001111110000100100
6
001111110000000100
0
000000000000011100
5
000011100010001101
9
010011101010001101
9
010011101010001101
9
010011101010000101
9
010011101011000101
9
011011101011000101
9
011011101011000111
9
011011111011000111
0
011011111011100111
9
011111111011100111
9
011111111011100101
9
011111111011100101
9
011111111010100101
9
011111111010100101
9
011111111010000101
8
011111111010000101
8
011111111000000101
0
011111111000000101
0
000000000000011100
5
000011100000001100
8
000011100000001100
8
000011110000001110
2
000011110000001100
8
000011110000001100
0
000011110000001100
8
000011110000101100
6
000111110000101100
8
000111110000101100
8
000111110000101100
6
000111110000001100
8
000111110000001000
8
000111110000001000
8
000111110000001000
8
000111110000001000
8
000111110000001000
8
000111110000001000
8
000111110000001000
8
000111110000001000
4
000111110000000000
0
000111110000000000
0
000000000000011100
5
000011100000001100
8
000011100000001100
8
000011100000001100
8
000011100000101100
6
000111100010001100
9
010111100010001100
9
010111100010001100
9
010111110011001100
0
011111110011001100
9
011111110011001100
9
011111110001001100
4
011111110001000100
7
011111110001000100
7
011111110000000100
0
000000000000011100
5
000011100000011110
5
000011110001101110
6
001111110011101110
9
011111110011101110
9
011111110011101110
9
011111110011101110
9
011111110011101110
6
011111110011001110
1
011111110011001110
1
011111110011001110
1
011111110011000110
1
011111110011000110
1
011111110011000110
9
011111110011000110
9
011111110011000110
9
011111110011000110
1
011111110011000110
9
011111110011000110
9
011111110011000110
9
011111110011000110
9
011111110011000110
1
011111110011000110
9
011111110011000110
1
011111110011000100
8
011111110001000100
7
011111110001000100
7
011111110000000100
0
011111110000000100
0
000000000000011100
5
000011100000001100
8
000011100000001100
8
000011100000001000
8
000011100001001000
8
001011100001001000
8
001011100001001000
8
001011100001001010
8
001011110000001010
1
000000000000011100
5
000011100000001100
8
000011100000001100
8
000011100000001100
4
000000000000011100
5
000011100010001100
0
010011100010001100
9
010011100010001100
9
010011100010001100
9
010011100010001100
9
010011100010001100
9
010011100010001100
9
010011100010001100
9
010011100010001100
0
010011100010001100
9
010011100010001100
9
010011100011001100
9
011011100011001100
9
011011100011001100
9
011011100011001100
9
011011100011001100
9
011011100011101100
9
011111100011101100
9
011111100011101100
9
011111100011101100
9
011111100011101100
6
011111100011001100
8
011111100001001100
4
011111100001000100
7
011111100000000100
0
011111100000000100
0
011111100000000100
0
011111100000000100
0
000000000000011100
5
000011100000001100
8
000011100000001100
8
000011100000001110
2
000011110001101100
8
001111110001101100
8
001111110001101100
8
001111110001101100
8
001111110101101100
8
101111110101101100
8
101111110101101100
8
000000000000011100
5
000011100000001100
4
000011100000000100
0
000011100000000100
0
000011100000000110
1
000011110000000110
1
000011110000000110
1
000011110000000110
1
000011110000000110
1
000011110000000110
1
000011110000100110
9
000111110000100110
9
000111110000100111
9
000111111000100111
8
000111111000100111
9
000111111000100111
9
000111111000100111
8
000111111000100111
9
000111111000100111
9
000111111000100111
8
000111111000100111
9
000111111000100111
8
000111111000100111
9
000111111000100111
0
000111111000100111
0
000111111000100111
0
000111111000100111
0
000111111000100111
0
000111111000100111
6
000111111000000111
2
000111111000000101
0
000111111000000101
0
000111111000000101
0
000111111000000101
0
000111111000000101
0
000111111000000101
0
000000000000011100
5
000011100000001100
8
000011100001001100
8
001011100001001100
8
001011100001001100
8
001011100001001100
8
001011100001001100
8
001011100001001100
7
001011100000001100
8
001011100000101100
9
001111100000101100
8
001111100000101100
8
001111100000101100
8
001111100000101100
8
001111100000101100
8
001111100000101100
6
001111100000001100
4
001111100000000100
0
001111100000000100
0
001111100000000100
0
001111100000000100
0
001111100000000100
0
001111100000000100
0
001111100000000100
0
000000000000011100
5
000011100000001110
4
000011110000000110
1
000011110000000110
1
000011110000000110
1
000011110001000110
1
001011110001000110
1
001011110001000110
1
001011110001000110
8
001011110001000110
8
000000000000011100
5
000011100000101100
6
000111100000001100
8
000111100000001110
8
000111110000001110
8
000111110000001110
1
000111110000001110
1
000111110000001110
1
000111110000001110
8
000111110000001110
8
000111110000001110
8
000111110000001110
1
000111110000001110
1
000111110000001110
1
000111110000001110
1
000111110000001110
1
000111110000001110
1
000111110000001110
8
000111110000001110
8
000111110000001110
1
000111110000001110
8
000111110000001110
1
000111110000001110
1
000111110000001110
1
000111110000001110
1
000111110000001110
1
000111110000001110
8
000111110000001110
8
000111110000001110
8
000111110000001110
1
000111110000001110
8
000111110000001110
4
000111110000000110
2
000111110001000100
7
001111110000000100
0
001111110000000100
0
001111110000000100
0
001111110000000100
0
001111110000000100
0
001111110000000100
0
000000000000011100
5
000011100000001100
8
000011100000001100
8
000011100000001100
8
000011100000001100
8
000011100000001100
8
000011100000001100
8
000011100000001100
8
000011100000001100
8
000011100000001100
8
000000000000011100
5
000011100000001100
8
000011100000001100
8
000011100000001100
4
000011100000000100
0
000011100000000100
0
000011100001000100
8
001011100001000100
8
001011100001000100
8
001011100001000100
8
001011100000000100
0
001011100000000100
2
001011100000000100
0
001011100000000100
0
001011100000000000
0
001011100000000000
0
001011100000000000
0
001011100000000000
0
001011100000000000
0
001011100000000000
0
001111100000000000
0
001111100000000000
0
000000000000011100
5
000011100000001110
4
001011110000001110
8
001011110000001110
1
001111110000000110
1
001111110000000110
1
001111110000000100
0
001111110000000100
0
001111110000000000
0
001111110000000000
0
001111110000000000
0
001111110000000000
0
001111110000000000
0
001111110000000000
0
001111110000000000
0
001111110000000000
0
000000000000011100
5
000011100000001100
8
000011100000001100
8
000011100000001100
8
000011100000001100
8
000011100000001100
4
000011100000000100
0
000011100000000100
0
000011100000000100
0
000011100000000100
0
000011100000000100
0
000011100000000100
6
000011110000000100
7
000011110000000100
0
000011110000000100
0
000011110000000100
0
000011110000000100
0
000011110000000100
0
000011110000000100
0
000011110000000100
0
000011110000000100
7
000011110000000100
0
001011110000000100
0
001011110000000100
0
001011110000000100
0
001011110000000100
0
001011110000000100
0
001011110000000100
0
001011110000000100
0
001011110000000100
15
001011110000000100
15
001011110000000100
15
001011110000000100
0
001011110000000100
0
001011110000000100
0
001011110000000100
0
001011110000000100
0
001011110000000100
0
001011110000000100
0
001011110000000100
0
000000000000011100
5
000011100000101100
6
000111100000101100
6
000111100000101100
6
000111100000001100
8
000111100000001100
8
000111100000001000
8
000111100000001000
8
000111100000001000
8
000111100000001000
8
000111110000001000
8
000111110000001000
8
001111110001001000
8
001111110001001000
8
001111110000001000
4
001111110000000000
0
000000000000011100
5
000111100000011100
5
000111100000001100
8
000111100000001100
8
001111100000001100
8
001111110000001100
8
001111110000001000
8
001111110000001000
4
001111110000000000
0
001111110000000000
0
001111110000000000
0
000000000000011100
5
000000000000011100
5
000011100000001100
8
000011100000001100
8
000011100000001100
4
000011100000000100
0
000011100000000100
0
000011100000000100
0
001011100000000100
0
001011100000000100
0
001011100000000100
0
001011100000000100
0
001011100000000100
0
001011100000000100
0
001011100000000100
0
001011100000000100
0
001011100000000100
0
001011100000000100
0
001011100000000100
0
001011100000000100
0
001011100000000100
0
001011100000000100
0
001011100000000100
0
001011100000000100
2
001011100000000100
0
001011100000000100
0
001011100000000100
0
001011100000100100
8
001111100000100100
9
001111100000100100
8
001111100000000100
0
001111100000000100
0
001111100000000100
0
001111100000000100
0
001111100000000100
0
001111100000000100
0
001111100000000100
0
001111100000000100
0
001111100000000100
0
001111100000000100
0
001111100000000100
0
000000000000011100
5
000011100000011100
5
000011100000001100
8
000011100000001100
8
000011100000001100
8
000011100000001100
8
000111100000001100
8
000111100000001100
8
000111100000001100
8
000111100000001100
8
000111100000001100
8
000111100000001100
8
000111100000001000
8
000111100000001000
8
000111100000001000
8
000111100000001000
8
000111100000001000
8
000111100000001000
8
000111100000001000
8
000111100000001000
8
000111100000001000
8
000111100000001000
8
000111100000001000
8
000111100000001000
8
000111100000001000
8
000111100000001000
8
000111100000001000
8
001111100000001000
8
001111100000001000
4
001111100000000000
0
001111100000000000
0
001111100000000000
0
001111100000000000
0
001111100000000000
0
001111100000000000
0
001111100000000000
0
001111100000000000
0
001111100000000000
0
001111110000000000
0
001111110000000000
0
000000000000011100
5
000011100000001100
8
000011100000001110
2
000011110000001100
8
000011110000001100
8
000011110000001100
8
000011110000001100
8
000011110000001100
8
000011110000001100
8
000011110000001100
8
000011110000001100
8
000011110000001100
8
000011110000001100
8
000011110000001100
8
000011110000001100
8
000011110000001100
8
000011110000001100
8
000011110000001100
8
000011110000001100
8
000011110000001100
0
000011110000001100
8
000011110000001100
8
000011110000001100
8
000011110000001100
8
000011110000001100
8
000011110000001100
8
000011110000001100
8
000011110000001100
8
000011110000001100
8
000011110000001000
0
000011110000001000
8
000011110000001000
4
000011110000001000
4
000011110000000000
0
000011110000000000
0
000011110000000000
0
000011110000000000
0
000011110000000000
0
000011110000000000
0
000011110000000000
0
000000000000011100
5
000011100000011100
5
000011100010001100
9
010011100010101100
9
010111100010101100
9
010111100010101100
9
010111100011101100
9
011111100011101100
6
011111100111001100
0
111111100111001100
0
111111100111001100
0
111111100111001100
2
111111100111001100
0
111111100111001100
0
111111100111001100
0
111111100111001100
0
111111100111001100
0
111111100111001100
0
111111100111001100
2
111111100111001100
2
111111100111001100
0
111111100111001100
0
111111100111001100
0
111111100111001100
0
111111100111001100
0
111111100111001100
0
111111100101001100
0
111111100101001100
0
111111100101001100
0
111111100101000100
7
111111100100000100
0
111111100100000100
0
000000000000011100
5
000011100000001100
8
000011100000001100
8
000011100000001100
8
000011100000101100
6
000111100000001100
8
000111100000001000
8
000111100000001000
8
000111100000001000
8
000111100000001000
8
000111100000001000
8
000111100000001010
1
000111110000001010
1
000111110000001010
1
000111110000001010
1
000111110000001010
1
000111110000001011
8
000111111000001011
0
000111111000001011
0
000111111000001011
0
000111111000001011
0
000111111000001011
0
000111111000001011
0
000111111000001011
8
000111111000001011
4
000111111000000011
2
000111111000000001
0
000111111001000001
7
001111111000000001
0
001111111000000001
0
001111111000000001
0
001111111000000001
0
001111111000000001
0
000000000000011100
5
000011100000001110
2
000011110000001110
4
000011110000000110
1
000011110000000110
1
000011110000000110
1
000011110000000010
1
000011110000000010
1
000011110000100010
9
000111110000100010
9
000111110000100010
9
000111110000100010
8
000111110000100010
9
000111110000100010
9
000111110000100010
1
000111110000100010
8
000111110000100010
9
000111110000100010
9
