-16250
-14410
-11675
-2670
-10950
-16215
-7720
-10845
-10610
-12865
-12620
-11010
-11275
-16205
-19065
-12230
-17050
-12215
-14320
-14765
-13060
-18645
-15685
-14205
-16840
-14325
-13040
-15385
-11740
-16105
-15875
-13800
-15155
-18800
-16515
-18830
-16055
-7290
-15345
-12670
-16520
-6665
-18840
-18700
-11970
-14585
-14805
-4085
-12425
-14065
-18065
-15645
-15830
-15575
-15455
-16720
-16860
-11565
-16605
-14600
-14135
-15860
-15130
-10030
-15690
-19260
-15635
-11490
-15195
-14405
-12720
-16775
-18280
-16120
-14890
-15260
-16030
-13910
-17900
-14550
-14920
-17120
-18860
-16220
-14895
-11510
-14590
-13375
-16535
-15110
-14705
-13660
-18415
-5250
-18695
-15090
-17415
-15360
-17460
-9400
