481.75
466.75
526.75
514.75
577.75
565.75
548.75
505.75
525.75
466.75
538.75
614.75
483.75
542.75
519.75
564.75
457.75
533.75
587.75
474.75
667.75
462.75
679.5
644.75
562.75
586.75
592.75
568.75
458.75
609.75
528.75
531.75
468.75
586.75
668.75
553.75
687.75
557.75
639.75
460.75
533.75
606.75
523.75
571.75
644.75
587.75
663.75
479.75
559.75
523.75
556.75
451.75
605.75
526.75
526.75
670.75
586.75
591.75
469.75
496.75
623.75
441.75
586.75
468.75
600.75
734.75
473.75
558.75
653.75
538.75
525.75
495.75
601.75
587.75
546.75
522.75
564.75
521.75
536.75
629.75
560.75
631.75
394.75
597.75
446.75
583.75
479.75
636.75
494.75
492.75
695.75
444.75
460.75
793.5
590.75
566.75
443.75
673.75
483.75
498.75
