-21065
-13950
-19000
-8200
-8285
-8295
-13665
-8275
-8125
-8160
-8480
-14265
-8455
-8230
-20540
-13775
-14320
-24555
-17140
-12735
-11045
-17390
-8370
-26440
-17255
-26745
-8145
-29070
-10845
-8235
-9175
-13255
-8385
-13825
-32285
-26235
-16610
-12730
-8160
-8190
-8375
-32390
-8275
-15580
-8180
-18245
-10160
-8370
-28715
-28040
-17780
-8205
-21970
-8545
-8505
-19280
-27345
-14515
-9875
-25175
-25435
-8240
-17800
-8265
-23160
-25900
-19950
-15065
-27205
-16370
-10815
-17575
-8230
-12010
-18200
-27640
-23555
-8185
-13655
-8355
-8530
-17305
-25125
-25930
-9635
-10110
-8330
-15500
-25875
-27360
-14640
-26510
-16620
-8165
-15280
-15445
-12875
-22245
-17125
-23535
