144
218.25
168.75
234.5
177
120.25
184.75
176.75
133.75
174.5
191.75
119.5
161.5
141.25
158.75
137.75
149
234.5
176.25
190.75
163
163.75
172.5
163.5
145.5
177.75
159.75
199.25
235
169.75
183.75
162.25
129.75
174.5
130
228.5
126.75
227.25
161.75
164.25
160.75
205.75
160.5
153
184.5
115.75
150.5
163
218.75
161.25
214.75
127.5
167.25
239.25
180.25
156.5
204.5
158.75
115.25
147.75
227.25
183.5
179.5
116.5
149.5
174.25
120.25
190.5
199.25
172.25
123.5
203.5
189.5
125
190.5
204.25
138.5
176
146.75
152.25
174.75
166.25
139.25
154.5
131
190.25
153.75
171
206.25
147
135.5
114
192.75
172.75
113.75
124.75
128.5
164.5
134.25
172
