512.75
462
464.5
507
415.75
453.75
489
532
419
508
564
558.75
431
436.75
510
432.25
474
548.25
483.75
424.75
437.5
448.75
436
487
677
483.75
498
585.75
555.75
440
505.5
452.75
550
443.5
555
601.25
433
465.75
438.5
598.75
496.75
479.25
463
522.5
434.75
704.5
497.75
541.5
484
632.75
483.25
475.75
442
508.25
483
471.75
411.5
496
486
528.75
463
547
478
431.75
493.5
594.75
553.75
557.75
524
489.5
563.5
532
472
597.75
455
396.75
611.5
396.5
478.5
539.75
496
488.75
457
418.75
545
477.5
585.75
570
511
539.75
506
427
547.5
499.75
513.25
525
411.5
493.75
442.75
523
