353
303
334.25
285
302
349.5
334.25
356
310.5
335.25
346.75
267
277.25
267
295.25
292.75
322.75
294.5
347.75
349.75
339.75
353.5
329.25
314
282.75
332.5
332.5
355.75
316
337
327.5
359.5
333
348.25
293.25
277.25
338.25
306
311.25
309.25
323.5
324
252
296.5
347.75
337
280.75
309
313.75
316
220.75
318
295.5
353.25
332.75
366.5
225.5
335
330.75
368.25
336.25
351.5
351.25
328.5
324
260.5
344.25
348
337.5
351.25
341
222.5
260.25
280
251.5
291.75
305.75
302
359.75
343
347
341.75
298.75
276
196.75
329.75
262.75
234.75
349.5
345
361
359.25
314.5
335.25
331.75
262.25
336.5
313.75
259.75
321.75
