1111111111
0
1111011111
6
1111111110
1
1111111111
0
1011111111
9
1101111111
8
1101111111
8
1111111111
10
1111111011
3
1111111111
0
1111111111
4
1101111111
8
1111111111
0
1101111111
8
1111111101
2
1111111111
0
1111110111
4
1111111111
1
1111111111
0
1111111111
0
1111111111
0
1111111011
3
1111101101
2
1111001111
6
1111101111
5
1111111101
2
1111111111
3
1111111111
0
1111111111
0
1111111111
0
1111111111
0
1111111111
0
1111111111
0
0110111011
3
1000011101
8
0010011101
7
0011011101
6
0010110101
4
0010111101
7
0001001001
3
0001001101
6
0001101101
8
0011101101
9
0111101101
2
0111101111
5
0011111111
9
0111111111
10
1111111111
0
1111111101
2
1111011111
6
1111100111
4
1111101111
5
1111101111
5
1111011111
6
1110111111
7
1111111011
3
1011111110
1
1011111011
3
1001111111
8
0011111101
2
1111111111
4
1111111111
3
1111101111
5
1111111111
0
1111111111
0
1111101111
5
0111111110
1
0111111111
10
1111111111
4
1111111111
0
1111111111
0
1111111111
0
1111111111
2
1110111111
7
1111011011
6
1110111011
3
1110111111
7
1111111011
3
1010111111
9
1110111111
7
1111111111
0
1111111111
0
0111111111
10
1111111111
3
1111111111
7
1111111111
1
1111111111
8
1111111111
0
1111111111
0
1111101101
2
1111101111
5
1111111101
2
1111111111
0
1111111111
0
1111111011
3
1111111111
1
1111111111
0
1111111111
0
1111111111
0
1111111111
0
1111111111
0
1111111111
6
1111111111
0
1111111011
3
1110111111
7
1111110111
4
1111111011
3
1111111111
0
1111111111
0
1111111111
0
1111111111
0
1111111111
0
1111111111
4
1111111011
3
1111111111
1
1111111111
6
1111101111
5
1111111111
0
1111111111
0
1111111111
3
1111111111
0
1111101111
5
1111110111
4
1011111101
2
1001010111
8
1011010111
4
1010011011
3
1010011101
2
1110011111
6
1110111111
7
1111111111
0
1111111111
0
0011111111
9
0101111111
8
0011101111
9
0111101111
5
0111111111
10
1111111101
2
0111011110
6
0110111110
1
0110111111
7
0111011111
6
0111111111
10
1011111111
9
1111111101
2
1101111111
8
1111111111
5
1111111111
8
1111111111
9
1111111111
0
1101111111
8
1111111111
0
1111111111
0
1111111111
0
1110111111
7
1111001111
6
1101101111
8
1111101111
5
1111111111
0
1111011111
6
1111101011
3
1111101101
2
0111111111
10
1111111111
0
1101111111
8
1111111111
0
1101110101
4
0101111001
8
0111111011
0
1111111111
2
1101111111
8
1111111011
3
1111111111
4
1111111111
1
1111111111
0
1111101110
1
1111101111
5
1101111110
1
1101110011
4
1101111001
3
1101111101
8
0111111101
2
0111011111
6
0111111111
10
1011111111
9
1101111111
8
1111111111
0
1111111111
0
1111111111
0
1111011111
6
1110111111
7
1111111111
0
1111110111
4
1110111111
7
1111011011
6
1111101010
5
1111111010
3
1111111100
1
0111111101
2
0111111111
10
1111111111
0
1111111111
0
1111110111
4
1110011011
3
1110011111
6
1110101111
5
1010111111
9
1100011111
7
1101011010
0
1111111111
3
1111111110
1
1111111111
0
1111111011
3
1111111110
1
1111110111
4
1111111111
1
1111111111
0
1011111110
1
1001111111
8
1011111111
9
1111111111
0
1111111111
0
1111111111
0
1111111111
2
1111111110
1
1111101111
5
1111111111
8
1110110011
3
1110110110
1
1100110111
8
1010110111
9
1110101011
3
1110001111
5
1110011111
6
1110111111
7
1111111011
3
1101111110
1
1101111111
8
1111111111
0
1111111111
0
1111101011
3
1101101111
8
1111101111
5
0101111101
8
0011111001
3
0001111101
8
0011111111
9
0111111111
10
1111111111
0
1111111111
9
1111011111
6
1110111001
3
1110111111
7
1111011111
6
1111111111
0
1111111110
1
0101001111
6
0101101111
8
0111101111
5
0111111111
10
1110101111
5
1110111111
7
1111111111
3
1110111111
7
1111111011
3
1111111111
6
1111111011
3
1111011100
1
1111010101
4
1111001101
6
1101101101
8
1111101101
2
1111111111
0
1111110111
4
1111111111
10
1111111111
0
1111111111
0
1111111111
0
1111111111
0
1101111111
8
1111111111
0
1111111111
0
1011111111
9
1101111111
8
1111111111
0
1111111110
1
1111111111
0
1011111111
9
1111011101
0
1111111111
0
1111111111
6
1111111111
0
1011111111
9
1111111111
1
1111111111
5
1111111111
0
1111111111
0
1111111101
2
1111101111
5
1011111101
2
0011101111
9
0111101111
5
0111111111
10
1111111010
3
1111111100
1
1111111101
2
1111111111
1
1101111111
8
1111111111
0
1110111111
7
1111010111
4
1110011111
6
1110111110
1
1110111111
7
0111011111
6
0100100111
4
0100001101
6
0100101101
7
0101101111
8
0111101111
5
0011111111
9
0111011111
6
0111111111
10
1011101110
1
0011101111
9
0111101111
5
0011111111
9
0111111111
10
1111011111
0
1111111111
6
1111111111
4
1111111111
0
1111111111
5
1111111111
6
1111111111
0
1111111111
8
1111111111
0
1111111111
0
1111111111
5
1111111111
0
1111111111
0
1111111111
8
1111111101
2
1111111111
0
1101111011
3
0101111111
8
0111101111
5
0011111111
9
0111111101
2
0111111111
10
1111111111
4
1111111111
6
1111101111
5
1101110111
4
1101111111
8
1111110110
4
1011111111
9
1101111100
1
0101100101
4
0001101001
3
0001101100
1
0001100111
4
0001101011
3
0001101110
1
0000101111
7
0101001011
6
0100101001
7
0011001001
2
0010000011
0
1111111111
8
1111111111
0
1111011111
6
1110100111
5
1110010011
3
1010010111
9
1100001111
8
0110001111
6
0110101111
7
0101101111
8
0110101100
1
0010001001
3
0000001101
8
0010001101
7
0001001101
6
0001101101
9
0101101101
8
0111101101
2
0011101111
9
0111101111
5
0111111111
10
1011111111
9
1111111111
0
1111111111
0
1111111111
0
1111111111
0
1111110111
4
1010111111
9
1100111110
1
1100111101
8
0110111001
3
0110111110
1
0100010111
8
0010010111
10
1010010111
9
1110110011
4
1010011011
3
1010011110
1
1110001111
7
1111001111
0
1111111111
1
1111111111
0
1111001111
6
1110101111
5
1110111101
2
1110111111
7
1111111011
3
1111111111
0
1111101111
5
1111111111
0
1111111111
0
1101111111
8
0111111110
1
0101111111
8
0011111111
9
0111111111
10
1111111111
3
1111111111
2
1111101110
1
1111101111
5
1111111111
0
1111111111
4
1111111111
6
1100111101
8
1110111101
2
1110111111
7
1111111111
0
1111101111
5
1111111101
2
1111111111
0
1111111111
0
1111111111
8
0111111111
10
1111111111
0
1111101111
5
1011111011
9
0111111010
3
0011110110
1
0011100111
9
0101100111
0
1111111111
4
1111111101
2
0111011111
6
1001110111
4
1001111101
8
1011011101
6
1010111101
9
1110011101
2
1110000111
5
1110010011
3
1110010111
4
0010011011
3
0000001111
7
0001001011
6
0101101011
3
0101101111
8
0111101011
3
0011101111
9
0111000101
4
0101001101
6
0101101101
8
0111101101
2
0111101111
5
0111111111
10
1111111111
0
1111111111
0
1111111011
3
1011110111
4
0010111111
7
0011111111
9
0111100111
4
0110111111
7
0111111111
10
1111111111
0
1111101111
5
1111111110
1
1111110111
4
1111111111
0
1111111111
0
1111111111
0
1111111111
3
1111011111
6
1111111111
0
1101111111
8
1111111011
3
1111111110
1
1110101111
5
1110111011
3
1110111111
7
1111111111
0
1101111111
8
1111111111
0
1111111111
0
1111111111
4
1111111111
0
1111111111
2
1111111111
1
1111101111
5
0010111111
7
0011011101
6
0011111111
9
0111111011
3
0101111111
8
0111111111
10
1110001111
5
1110011110
1
1110011111
6
1110111111
7
1111101111
5
1110111111
7
1111111111
0
1111111111
0
1111110111
4
1111111011
3
1111111111
0
1111111110
1
1111111111
0
1111111111
0
1110111110
1
0110111111
0
1111111111
6
1111111011
3
0101111110
1
0101111111
8
0111111111
10
1111111111
0
1111111111
0
0111111111
10
1111111111
0
1111111111
3
0111111111
10
1111111110
1
1111101111
5
1111111111
0
1111110111
4
0010111111
7
0011111111
9
0111101111
5
0011111100
1
0011001101
6
0010101101
7
0001101111
9
0101101111
8
0011101111
9
0101101110
1
0101101111
8
0111101111
5
0111111101
2
0111111111
10
1111111111
0
1111111111
0
1111011111
6
1111111111
0
1111111111
0
1111111111
1
1111111111
0
0111111111
10
1011111111
9
1111101101
2
1111101111
0
1111111111
8
1111111111
0
1111111111
0
1111111101
2
1111101111
5
0011111111
9
0111011011
3
0011001111
6
0010101101
7
0001001101
6
1011100001
3
1010100101
4
1010001001
3
1010000101
4
1010001101
9
0100001101
7
0101001100
1
0101000101
4
0101001001
6
1101101000
1
1101101001
3
1101101100
1
1101111101
8
1111111101
2
1111111111
0
1111111111
0
1111110111
4
1111111111
0
1101111011
3
0101111101
8
0111110101
4
0110101001
3
0110101101
7
0111101101
2
0111101111
5
0011111111
9
0101111111
8
0011111101
2
0011101111
9
0101101111
0
1111111111
4
1111111110
1
1111111111
0
1111111111
0
0111111111
10
1111111111
0
1111111111
10
1111111101
2
1111111111
4
1101111111
8
1111111110
1
1101101111
8
1111101111
5
1111111111
6
1111111111
0
1111111111
0
1111111111
0
1111111111
1
1111101111
5
1111111111
0
1111111101
2
1101101111
8
1111101101
2
1111101111
5
1111111111
0
1111111111
0
1111111101
2
0111111111
10
1111101011
3
1111101111
5
1111111111
0
1111011111
6
1111110111
4
1111111011
3
1111101111
5
1111111111
0
1111111111
0
1111110111
4
1111111011
3
1110111111
0
1111111111
0
1111011111
6
1111110111
4
1011111111
9
1111111111
9
1111111111
0
1111111111
0
1111111111
0
1111111110
1
1111100111
4
0111101111
5
0111111111
10
1011111111
9
1111111111
9
1111111111
8
1111111101
2
1101111111
8
1111111111
2
1101111111
8
0111111111
10
1111111111
0
1111111111
0
1111110111
4
1111111110
1
1111111111
0
1111011111
6
1110111111
7
1111111111
0
1111111011
3
1111101101
2
0111001111
6
0001101111
9
0101101101
8
0111001101
6
0011101101
9
0111101101
2
1111100111
4
1101101111
8
0111101111
5
0111111111
0
1111111111
5
1111111011
3
1101111101
8
1111111101
2
1111111111
0
1111111111
0
1111111111
1
1111111111
0
1111111110
1
1111111111
0
0111010111
4
0011011111
6
0010111111
7
0001111111
8
0011011111
6
0001111111
8
0011111111
9
0101011011
6
0100111010
7
0101011010
6
0101111000
1
0101111011
3
0101011101
6
0101101101
8
0011001001
3
0001000101
4
0001001001
6
0000101011
7
0001101010
1
0001101011
3
0001101111
9
0101101111
8
0111101010
3
0111101110
1
0111101111
5
0111111101
2
0111111110
1
0111111111
10
1111111111
0
1111111011
0
1111111111
0
0111111011
3
0111111110
1
0010111111
7
0011111101
2
0011111110
1
0011100111
4
0010101101
7
0001111101
8
0011111101
2
0011110011
3
0011110110
1
0010100111
4
0010111101
7
0011000101
4
0011001101
6
0000101101
7
0001101101
9
1101101101
8
0111101101
2
0111001111
6
1101101001
3
1111001101
6
1111100101
4
1011101111
9
1111101111
5
1111111011
3
1111111110
1
1110110111
4
1110111111
7
1111111111
0
1111111111
0
1101111111
8
0011111001
3
0001001101
6
0001101101
9
0101101101
8
0111101101
2
0111101111
10
1101101111
0
1111111111
9
1111110111
4
1111111011
3
1111111111
0
1111101111
5
0111111111
10
1010111110
1
1010111011
9
1110101000
7
0011101000
1
0001100001
4
0001101001
3
0001001101
6
0000101101
7
0001101101
8
0011101101
9
0110001101
6
1110101101
7
1101100101
4
0101101101
8
0111011101
6
0101111101
8
0111111101
2
0111111111
10
1111111111
0
1111111111
10
1111111011
3
1101111110
1
1101100011
4
1001101000
9
1101001010
6
1101101000
1
0101101001
3
0101011101
6
0100110001
4
0100111001
7
0101111001
3
1101111101
8
1111111101
2
1111011111
0
1111111111
0
1011111101
9
1111111101
2
0101101111
8
0111101111
5
0011111111
9
0111111111
10
1111111111
0
0111111111
10
1010111111
9
1110111101
2
0110011111
10
1110011111
6
1110111111
7
1111111111
9
1111111111
0
1111111111
5
1111111111
4
1111111111
6
1111111111
0
1011111111
9
1111111110
1
1111110111
4
1111111111
0
1111111011
3
1101111111
8
1111111111
3
1111111111
6
1111111111
0
1111111111
0
1111111111
0
1111101111
5
1111111111
7
1111111110
1
1111110011
4
1111111110
1
1011110111
4
1011111011
3
1001111100
8
1011111100
0
1111111111
7
1111111111
0
1111111101
2
1111111111
0
1111011111
6
0111111111
10
1111111111
6
1111111111
0
1111111110
1
1101111111
8
1111111111
4
1011111101
9
1111111101
2
1111101111
5
1111111111
2
1111111111
3
1111111111
0
1111111111
0
1111111011
3
1111111111
8
1111111011
3
1111111111
0
1111111111
0
1111110101
4
1111111101
2
1111111111
7
0111111111
10
1111111111
4
1111011011
6
1110101011
3
1110101000
7
0110001100
1
0000000110
1
0010000110
1
1000000010
5
1001000000
6
1101000000
6
1101000000
6
1100000000
4
1100000000
4
1100000011
5
1001011001
6
1001100011
4
1001100111
4
0101000101
4
0111000011
3
0111000011
3
0011000100
1
0010001100
1
1011001000
6
1011001000
6
0001111000
1
0001011001
6
0001011001
6
0001001101
6
0000001001
3
0000001001
3
0000101011
7
0000101000
7
0010101000
7
0010101000
7
1010101000
9
0010101000
1
0000101001
7
0000101000
7
0010101000
7
0010111000
0
1111111111
1
1111111111
7
1101111111
8
1101111111
8
1101111111
8
1101111101
8
1101111001
2
0101111101
8
0101111101
8
0101111001
3
1101111001
3
1101111001
3
1101001001
6
1101000011
6
1100000110
8
0000000110
1
0001000110
1
0001000111
4
0001000111
4
1000110111
8
1000110001
2
1000000011
3
1010000101
4
0010001011
3
0010101001
3
0010111001
3
0011111000
3
0011111000
1
0011100000
4
0001001000
6
0001011000
6
0001000010
6
1001000010
6
1001000110
1
0101000110
4
0001100110
4
1001100000
4
0001001100
1
0001101100
8
0001101110
0
1111111111
3
1111111111
0
1111110111
4
1111110111
4
1111110111
4
1010110111
9
1011010101
4
1011000011
3
1001000011
3
0001100000
4
0001000000
3
0000000010
9
0100000000
4
0110000000
10
0100000010
6
0100101000
7
0010111000
1
0000011000
1
0100001100
1
1100001110
1
1100001100
1
0110011100
1
0000011100
1
0100001100
1
0100001101
6
0100001101
6
0100000001
4
0010000001
3
0001000001
3
0001001100
1
0001001100
1
1000001000
1
1100101000
7
1100000001
4
1100000001
4
1101000001
4
1100000101
4
1100110001
4
0110010101
2
0110010001
0
1111111111
8
1111111111
0
1101111111
8
1101111101
8
1101011101
6
1101011101
6
1101011111
6
1100011111
8
1100110011
4
1101110010
4
1001110010
9
1101110010
4
1101110110
4
1100110100
2
0110110101
4
0010010001
3
0001010101
4
1001010101
4
0001011101
6
1001001110
1
0001001110
1
1111111111
4
1110111011
3
1110011111
6
1110111111
7
0111011111
6
0011111011
3
0001111110
1
0001110101
4
0001111101
8
0111110101
4
0110111101
7
0111011101
6
0111111101
2
0111111111
10
1011111101
2
1011001111
6
1011000111
5
0011010111
4
0011011111
6
0011101111
9
0111101101
2
0111000101
4
0011001000
6
0011101000
3
0001100100
4
0000001100
1
0000001101
8
0010001111
7
0001001011
3
0001001111
6
0001101111
9
0101101101
8
0111101101
2
0111101111
5
0111111111
10
0111111111
10
1111101111
5
1111111101
2
1111011111
6
1111111111
0
1111111111
0
1111111111
3
0111111111
10
1111111111
0
1111111111
0
1111101111
5
1111110101
4
1111111101
2
1111101101
2
1111101111
5
1101111111
8
0111111111
10
1111111100
1
0111010101
4
0010001001
3
0010001101
7
0011001101
6
0111111101
2
0011101111
9
0101101111
8
0011101111
9
0111100101
4
0010101101
7
0100111101
7
0101111101
8
0111111101
2
0011111111
9
0111011111
6
0111111111
10
1111111111
0
1101111111
8
1111111111
0
1111111011
3
1111111111
0
1111101111
5
0101111111
8
1101111111
8
1111111110
1
1111110111
4
1011110110
1
1011000111
5
1001011011
6
1101111010
1
1101111011
3
1101111011
3
0101111010
10
0111110000
4
0011101000
3
0001000100
1
0011000101
4
0011000111
4
0011001111
6
0000101111
7
0101101101
8
0111101101
2
0011101111
9
1011011111
6
1011101111
9
1101101111
8
1111101101
2
1111101111
5
1111111111
0
0111111011
3
0111111111
10
1101111111
8
1110111011
3
1110111111
7
1111111111
0
1111110111
4
1111011111
6
1111111111
0
1111111111
0
1111111111
0
1111111111
0
1111111111
0
1111111111
0
1011111111
9
1111111011
3
1111111111
0
0111111111
10
1111111111
0
1111111111
0
1111111111
0
1111111111
0
1101111111
8
1111111111
0
0111111111
10
1011111101
9
1111111101
2
1111110111
4
1110110111
4
1110011011
3
1110010111
4
0110010011
10
1000000010
5
1000000011
5
1000110001
2
1000110011
9
1100111000
2
1100111010
7
1101110010
4
1100111000
2
1100101010
7
0101001010
6
0100101010
7
0101101011
3
0001101111
9
0101101101
8
0101101101
8
0111101001
0
1111111110
1
1111111110
1
1110111111
7
0111101111
5
0011111011
3
1011111111
9
1111111101
2
1111111111
0
1111111111
0
0111111111
10
1111110100
2
1111110110
4
0111111110
1
0111101111
5
0101111111
8
1101111111
8
0011111101
2
1011111111
9
1011111101
2
0001111111
8
0011011011
3
0001010101
4
0001001001
3
0001001100
1
0101001001
6
0001101001
3
1001101001
2
0001101011
0
1111111111
0
1111110111
4
1111110111
4
1111111011
3
1111110110
4
1110111110
1
1110110111
4
0010111111
7
0011111111
9
0111111110
1
0011111111
9
1101111101
8
1011111001
3
1011101101
9
0111101101
2
1111001111
6
1110101111
5
1100111101
8
1100111101
8
1110011101
2
1110001111
5
0101010011
6
0100010110
1
0100010101
4
0000011101
8
0010011101
7
0001001101
6
0011101001
3
0011101000
3
0001101100
1
0001101001
3
0001101111
8
0001101110
1
0001101111
8
0011101111
9
0111001111
6
0111101011
5
0101111001
0
1101111111
8
1110111111
7
1011111111
9
0111111111
10
1111011111
6
1111111111
0
1111111111
0
1111111100
1
0111110101
4
0111011101
6
0111111101
2
0011111011
3
0011111100
1
0111011101
6
1111100101
4
1111001001
3
1101001100
6
1101101110
1
0111100100
4
0011101100
1
0011100101
4
0111101101
2
1111101101
5
1111011101
6
1110111001
2
1110110011
3
1110110111
4
1110110111
0
1111111111
0
1111111101
2
1111111111
4
1111111111
8
1111111111
0
1111111111
0
1111111101
2
1111011111
6
1111110111
4
1111111111
0
1111111110
1
1111111111
0
0111111111
10
1101111111
8
1111111111
6
0111111111
10
0111111111
10
1011111111
9
1111110111
4
1011111111
9
1111011111
6
1110111111
7
1111111111
2
1111111111
4
1111111011
3
1111111111
8
1111111111
3
1111111111
0
1111111111
0
1111111111
0
1111111111
0
1111111111
0
0111111111
10
1011111111
9
1111111101
2
1111001111
5
1110011111
6
1110101111
5
0100111111
8
0110110111
0
1111111111
6
1111111110
1
1110111111
7
1111110111
4
0110111111
7
0011101011
3
0011101101
9
0111001101
6
0111111101
2
0011111011
3
0011111010
3
0011111110
1
0011111111
9
0111101101
2
0110001111
6
0110101011
3
0010101101
7
0011001101
6
0011101101
9
0111001101
6
0111101101
2
0011101111
9
0111101111
5
0111111111
10
1111111101
2
1111011101
6
1111111100
1
1111001101
6
0111101101
2
1111101101
2
0111101111
5
0011101101
9
0111001101
6
0101101101
5
0101111101
0
1101111111
8
1110111111
7
1111111101
2
1111111101
2
1111111101
2
1111110111
4
1011111111
9
1111011111
6
1111111110
1
1111111011
3
1111111011
3
1111111011
3
1111111110
1
1111111110
1
1011111110
1
1011111110
1
