010000001000
1
101000000000
3
000100000000
3
000010000000
4
000100000001
3
010000001000
1
100000000100
3
000000001001
1
010000000100
3
100000001001
1
010000001001
1
010000001000
1
100000001000
1
000000001001
1
010001000000
3
100000001000
1
010000001000
1
100000001000
1
010000001000
1
100000001001
1
010000001001
1
110001000000
3
100001000000
3
000000001000
1
000000001001
1
010000001000
1
100001000000
3
000000100000
3
010000001001
1
110000001001
1
010000001000
1
010000001000
1
100000001001
1
010000001001
1
110000001001
1
110000001000
1
010000001000
1
100000000100
3
000000100001
3
010000001000
1
100000001000
1
010000001000
1
100000001001
1
010000001001
1
010000001000
1
100000001001
1
010000001000
1
100000001000
1
000000001001
1
010000001001
1
110000000100
3
010000001000
1
100000001001
1
010000001000
1
100000001001
1
010000001000
1
100001000000
3
000000001000
1
010000001000
1
100000001001
1
010000001000
1
100000001000
1
000000001000
1
000000001001
1
010000001000
1
100000001001
1
010000001001
1
110000001001
1
110001000000
3
100000100001
3
010000000100
3
100000001000
1
000000000100
3
000000100000
3
000000010001
4
010000001000
1
100000001001
1
010000001000
1
010000001000
1
100000001000
1
100001000000
3
001000000000
3
001000000001
3
110000001000
1
100000001001
1
110000001000
1
100000001001
1
010000001001
1
110000001001
1
110000000100
3
010000001000
1
100001000000
3
010001000000
3
101000000001
3
010001000000
3
100000001001
1
010000001000
1
100000001000
1
010000001000
1
100000000100
3
000000100001
3
010000010000
4
100000010000
4
000010000000
4
000000010000
4
000000010000
4
000010000001
4
010010000001
4
110010000000
4
010000001000
1
010000001000
1
010000001000
1
100000001001
1
111000000001
4
010000001000
1
010000001000
1
100000001001
1
010000000100
3
100000001000
1
010000001000
1
100000001000
1
000000001001
1
010000001001
1
110001000000
3
100000001001
1
010000001000
1
100001000000
3
000000001000
1
000000001001
1
010001000000
3
100000100001
3
010100000000
4
100000100000
3
000100000000
3
000000100000
3
000000010000
4
000010000001
4
010010000000
4
100000010001
4
010000001000
1
100000000100
3
000000001001
1
010000001001
1
110000001001
1
110000001001
1
010000001000
1
100000000100
3
010000001000
1
100000000100
3
000000001001
1
010000001000
1
100000001000
1
011000000001
4
110001000000
3
