-5005
-3860
-10910
-7940
-385
-10465
-3670
-8150
-135
-1125
-2080
-4140
-7515
-90
-75
-410
-4795
-4375
-90
-175
-4220
-365
-5650
-80
-100
-155
-425
-295
-4070
-3820
-115
-95
-180
-125
-320
-90
-110
-120
-4215
-165
-145
-265
-135
-265
-440
-4065
-120
-5850
-7895
-2005
-140
-455
-85
-4305
-60
-160
-135
-155
-4140
-290
-200
-85
-100
-275
-9010
-4235
-235
-380
-150
-10880
-4110
-140
-90
-185
-230
-170
-440
-115
-8165
-110
-460
-195
-1625
-105
-60
-230
-120
-180
-90
-2165
-115
-435
-180
-3115
-225
-4125
-995
-60
-3815
-200
