-13415
-4610
-17445
-11140
-555
-435
-10640
-505
-15965
-3595
-9785
-9485
-4035
-19430
-10525
-16430
-15390
-16070
-13835
-14150
-15480
-15360
-11720
-4240
-4180
-7225
-16065
-8695
-5150
-13395
-500
-18330
-11435
-380
-17390
-5105
-12485
-7710
-12125
-12510
-410
-18275
-12510
-8115
-7000
-5865
-16245
-4190
-6145
-15480
-7035
-11590
-11625
-17410
-12045
-11585
-15205
-450
-15750
-9000
-15195
-14415
-10750
-15690
-12365
-765
-5575
-7005
-345
-6395
-15875
-10265
-12040
-19180
-14575
-4550
-6080
-14535
-16070
-14975
-14895
-495
-11005
-12015
-11060
-4180
-7825
-17660
-11885
-13115
-12080
-18045
-14630
-12555
-11870
-14690
-10890
-4140
-15425
-9370
