-12205
-4330
-4210
-11985
-10965
-11660
-10860
-4185
-4210
-4155
-8025
-8090
-8040
-12290
-4275
-15390
-4350
-9960
-18520
-4400
-8035
-13895
-9950
-4215
-12915
-8205
-12575
-8150
-4415
-4350
-4290
-8075
-11875
-4260
-4125
-27425
-7945
-10695
-4265
-17300
-18400
-12860
-4420
-11470
-4255
-8100
-4145
-15355
-28845
-10085
-4165
-4150
-7900
-13545
-8160
-15690
-10665
-6695
-11820
-12060
-11500
-8065
-4425
-8135
-4255
-13860
-4145
-6675
-7925
-15175
-4325
-18965
-8220
-16580
-15580
-4315
-6240
-4260
-23635
-7860
-4125
-4285
-7950
-4170
-4425
-5720
-7825
-4455
-4420
-7950
-4345
-4420
-4180
-4155
-15565
-4115
-11585
-4415
-8040
-4125
