-1026.43
-884.8
-1067.68
-970.53
-751.24
-926.77
-1026.94
-972.58
-1005.24
-1100.12
-717.78
-933.79
-739.11
-858.2
-905.06
-905.6
-918.1
-1024.64
-731.14
-930.6
-985.45
-1025.41
-800.33
-1030.69
-968.48
-801.3
-860.84
-1000.87
-833.73
-948.98
-924.31
-1087.08
-1069.16
-1014.13
-1006.58
-911.81
-1065.95
-899.12
-871.03
-1038.32
-1023.69
-982.87
-1088.4
-1045.57
-1043.64
-1040.12
-986.75
-838.98
-941.12
-1068.69
-1040.18
-946.79
-975.39
-1007.52
-962.91
-877.89
-1074.14
-1036.75
-621.55
-1047.56
-912.31
-847.85
-1009.1
-1048.19
-1067.65
-1095.34
-935.25
-924.63
-965.05
-1028.86
-1079.95
-951.17
-1062.87
-1000.92
-958.91
-937.89
-910.76
-1059.14
-758.6
-809.89
-924.74
-930.31
-1055.81
-1035.74
-931.48
-917.68
-1039.76
-1064.28
-889.2
-1060.44
-956.08
-881.57
-1030.33
-1069.69
-948.3
-1000.23
-925.16
-737.54
-905.46
-913.84
