517.75
511.75
652.75
449.75
701.75
433.75
437.75
533.75
700.75
496.75
492.75
595.75
546.75
598.75
640.75
490.75
626.75
498.75
564.75
407.75
528.75
617.75
493.75
449.75
576.75
539.75
574.75
496.75
497.75
445.75
518.75
456.75
574.75
546.75
530.75
537.75
647.5
488.75
476.75
511.75
654.75
403.75
515.75
505.75
428.75
520.75
472.75
516.75
498.75
631.75
474.75
591.75
570.75
630.75
444.75
391.75
410.75
585.75
603.75
508.75
512.75
525.75
493.75
531.75
496.75
579.75
546.75
483.75
500.75
582.75
759.75
461.75
554.75
436.75
524.75
595.75
518.75
701.75
406.75
436.75
441.75
533.75
475.75
467.75
478.75
556.75
590.75
740.75
503.75
367.5
466.75
643.75
607.75
531.75
420.75
461.75
530.75
610.75
597.75
520.75
