-1263.36
-1320.61
-1150.36
-1230.43
-1349.36
-1243.61
-1106.36
-1074.36
-1286.11
-1216.92
-1273.86
-1205.11
-1195.78
-1295.86
-1353.61
-1288.36
-1135.61
-1289.11
-1207.86
-1181.61
-1297.92
-1201.61
-1177.62
-1301.36
-1251.61
-1224.61
-1179.62
-1050.36
-1210.87
-1111.36
-1333.86
-1224.32
-1264.36
-1269.86
-1153.61
-948.42
-1280.12
-1121.87
-1285.36
-1308.11
-1089.36
-1267.61
-1094.53
-1255.86
-1282.61
-1302.11
-1196.17
-1270.36
-1106.87
-1090.11
-1284.61
-1030.62
-1208.11
-1234.61
-1309.11
-1248.86
-1235.86
-1213.61
-1327.86
-1194.86
-1211.32
-1202.12
-1294.36
-1305.11
-1300.36
-1261.82
-1076.27
-1269.12
-1167.86
-1266.11
-1227.62
-1278.86
-1192.86
-1289.11
-1279.86
-1232.36
-1136.86
-950.62
-1184.36
-1213.86
-1294.61
-1168.61
-1178.22
-1247.32
-1197.36
-1317.61
-1025.61
-1306.86
-1120.87
-1151.11
-1212.61
-1200.36
-1236.36
-909.12
-1291.86
-1200.61
-1302.36
-1237.36
-1204.61
-1040.36
