-15775
-4235
-15440
-15030
-10670
-16080
-4430
-14790
-14855
-4335
-7270
-11720
-7855
-7930
-8690
-4395
-10345
-4275
-735
-4190
-15235
-10440
-12270
-1395
-4025
-530
-8140
-11410
-11140
-450
-4505
-8910
-10175
-10170
-9540
-11270
-14170
-8415
-10220
-10600
-475
-8355
-4605
-7350
-11365
-4580
-6690
-16155
-2190
-15780
-11730
-8190
-13040
-345
-4545
-10625
-12435
-9905
-8900
-8145
-18265
-11840
-4145
-13925
-15785
-16765
-1025
-5575
-5150
-370
-4415
-14905
-9520
-4375
-11395
-7150
-8340
-7975
-4625
-7675
-6790
-12145
-10970
-11240
-13215
-11885
-4885
-325
-11900
-7925
-12085
-9480
-335
-11425
-7865
-5405
-12220
-390
-12040
-14950
