358.75
485.5
560
474.5
495
465.75
411
397.25
409.25
317.75
421.75
377
418.5
371.5
449.25
441.5
386.75
473.5
569.75
471
365.75
461.25
433.5
443.5
533.75
315.5
418
476.5
389
353.75
556
469.75
395
435
411.75
593
643
448.75
410
468.75
444
411
588.75
477
475.5
459.75
504.75
437
399.25
675
433.75
499.75
651.75
562.5
428.75
530.5
482.5
451.75
481.5
411.75
434.5
506
585.5
496
436.25
457.25
407.25
395
484
422
414.75
384.5
434.75
504
345
549.5
623.5
356.5
573.5
375.75
564
439.5
412.5
501
486
499.75
417.5
413.75
480
435
435
429.75
406.5
427
636
401
486
461.75
449
433
