-333.49
-740.25
-532.38
-426.58
-654.03
-582.7
-719.42
-395.77
-574.84
-664.26
-380.46
-628.58
-513.13
-510.16
-555.25
-581.62
-412.66
-540.84
-490.66
-497.27
-688.13
-338.14
-418.58
-222.54
-600.52
-661.63
-460.97
-223.12
-612.49
-545.48
-444.55
-465.07
-579.81
-365.04
-670.61
-474.18
-660.71
-612.35
-389.32
-717.13
-535.84
-830.8
-626.37
-435.86
-386.86
-365.51
-509.69
-416.46
-482.42
-593.66
-454.59
-516.29
-317.85
-708.39
-566.17
-727.1
-854.48
-657.17
-459.59
-564.73
-741.36
-537.74
-466.54
-589.12
-712.67
-521.97
-469.57
-611.33
-448.21
-562.48
-566.06
-460.05
-488.79
-632.35
-388.02
-504.92
-694.69
-509.53
-388.18
-526.99
-622.42
-437.56
-496.46
-429.67
-627.7
-522.37
-541.51
-532.23
-478.22
-514.85
-620.62
-553.63
-600.48
-673.83
-670.92
-413.44
-359.91
-521.21
-270.96
-411.58
