-21550
-16790
-18810
-15715
-19460
-16770
-14660
-18945
-20200
-13600
-17525
-16850
-12470
-12890
-19045
-14820
-16140
-21450
-10935
-15175
-17520
-11835
-17440
-16805
-14980
-17145
-18110
-18695
-15485
-19695
-18595
-16570
-13140
-16085
-20660
-19975
-21380
-19545
-17595
-17825
-14725
-19190
-14700
-17685
-12660
-18685
-17785
-13465
-19105
-16660
-19300
-16360
-16110
-20810
-15815
-15120
-16415
-18445
-16845
-20950
-19800
-16595
-16400
-17775
-19320
-15195
-17110
-16465
-18990
-11345
-15005
-16235
-16630
-18895
-17315
-15085
-20435
-19620
-14130
-17825
-14840
-15940
-17235
-19905
-15165
-16725
-18365
-19405
-19730
-21030
-17995
-19730
-10855
-17395
-18245
-16820
-14215
-18375
-18705
-15275
