415.75
489
478.5
416
371.75
590.75
465
455
452
346
443
386.75
406
510.75
388
480.25
408
448.25
426.75
551.75
407.5
468.75
423
441
395
391.75
396
440.75
391.75
442
385.5
457.75
484
410.5
386
432.25
482
373.75
426.5
399.75
354.75
343.25
401
488.5
418.75
408.5
399.75
521.5
378
400.75
527.25
347.75
400
442.25
412
414.75
405.5
405
429
519.75
409
449
447
391.75
460.5
402.75
435.75
424.75
455
332.5
539.5
442
454
441.75
445
424.75
425.5
380.5
495.5
377.75
423
449.75
409
413.75
365
378.5
373.75
446
434
475.75
396
449
497.5
428.75
385.25
468
517.5
456.75
515.75
472
