590
441.75
572.75
638
517
585
573
429
447.25
502.75
526.75
557
514
511.5
447.75
505.25
450.75
625
597
475
487
664
662
547
618
465
682
454.5
531
671
586.75
431.75
562.75
588
615
516
510
521.75
529
586
448.25
643
434.5
628.75
499.75
570
502.75
556.5
485.75
495.5
424.75
474
487
531
521.5
432.75
595
532.5
532.25
537
721
552.75
454.75
474.25
489.75
527.5
484.75
507.25
630.75
476
604
471.25
559.5
643
587.75
485.75
582.75
546.5
505
664
688
495.5
557
586
535
589
580.75
525.5
686.5
645.5
564.25
442.5
491.75
497.75
576.75
465.75
496
520
523
642.25
