361.5
263.25
311.25
342.75
351
290.75
352.5
278
330.75
342.5
334.5
305.25
335.5
289
338.5
261.5
311
279
298
329
315.25
311.75
318
354.25
294.5
255.25
331.25
266
327
315.75
320.75
310.75
251.5
348.25
338.75
355.5
313
321
357.75
323.25
335.75
309
317.75
328.75
295
336.5
322.75
346
267
284.75
284.25
293.5
330.75
350.25
312.25
231.5
288.75
296
345.5
304.25
239.25
251.5
305
335.75
345.5
309.5
351
340.5
325.75
321
356
308.5
199.25
308
330.5
268.75
318.75
305.5
326.25
343.75
334.25
336.75
310.25
316.25
309.25
321.75
304.75
315.25
350
282.25
345.75
285.75
319.75
340.75
303.75
311
323.25
336.5
298.75
316.5
190.75
344.75
194.5
296
247
317.25
243
314
280.5
330.75
289.5
263
184.5
237.25
278.75
337.5
296
210.25
216.5
237.5
283.75
312.25
259
190.75
189.5
277.5
280.5
194.25
215.25
201.5
320
205
266.75
160.75
247.5
187.25
247.5
272.75
152.5
198.5
236.25
212.25
240.75
239
267.5
282.5
236.75
246.5
289.25
286
311.5
293.25
231.75
262.25
304.25
208.75
309.5
353
229.25
300.25
335
221.75
281.5
204.5
277
179.5
217.75
310.75
285.75
247.75
271.25
245.75
336.75
271
277.75
341
247.5
302.75
340.75
304.25
343.5
205.25
245.75
242.25
354
204.75
306.25
274.25
300.5
155.5
221.5
270
321.75
306.5
300.5
319.75
249.25
334.5
273.75
155.25
365.5
362.5
430.75
380.25
364.5
411.25
318.25
493
451.25
486.5
422.25
466.5
476.75
295.75
288.5
512.5
397
594.25
543.5
370.75
372.25
395.75
296.5
416.5
361.75
438.25
347.75
381.25
448.25
393.5
362.75
470.75
475.5
530.75
282.5
411.25
475.25
368.75
344.5
351.25
352.5
357
334.25
358.5
407.25
346.25
460.25
478.5
413.5
522.25
440.5
361.75
414.75
380.25
431.75
277.5
368
457.5
418.5
312.5
506.25
381.25
448.5
422.5
374.5
557.75
434.25
313.75
366.25
383.25
336.5
420.75
369.25
497.5
341.5
409.75
277.75
306.75
362.75
414.25
493.25
354.25
414
496
403.75
441.5
314.25
615.5
418.25
368.5
322.75
410.75
431.75
363.25
448.75
447
415.5
460.5
486.5
369.5
423.75
289.5
326
298.25
424.75
293.75
426.25
376
412.75
388.5
287.5
320.25
375.25
374.25
290.5
415.75
343.25
389.75
341.75
345.25
319.75
277.25
308.75
294
461
334.75
315.5
344.25
466
490.25
305
325
332.75
493.75
340.5
277.75
336.5
303.25
335.5
351.25
335.25
382.25
312.5
448.5
454.5
337.5
306.75
351.75
335.75
361.25
372.5
312.5
370.5
425.75
316.25
286.5
388.25
330.5
282.5
550
315.75
303.5
329.75
337.25
490.5
341.5
383.75
323.75
427.5
324.5
245.25
345.75
439.5
350.5
469.75
421.25
286.5
387.75
432.25
329.5
292.75
366.25
328
343.25
298.25
345.5
382.75
293.25
359.5
326
366.25
425.5
344.5
323.25
391.25
332.75
296.5
347
387.5
315
438.5
458.5
570
436.5
517.25
495.75
442.25
448.25
582
510.5
425.25
632.75
541.75
475.5
472.75
607
531
538.75
562.5
394.5
520.75
508.5
490.5
454.25
448
491.25
444.5
489.5
485.75
416.75
495.5
491.75
584.25
553.5
452.5
485.5
444.25
477
412.25
370.5
408.5
516.5
451
435.5
477.75
409.75
515.75
476.25
505
413.5
511.5
481.5
423.75
589.25
484.5
563.75
486.5
550.75
444.25
483.75
664.5
430.5
520.25
511.5
482.25
527.5
472.5
439.75
524.25
470.75
517.5
748.25
411.5
531.5
442.5
398.5
683
422
406.5
537.75
473.5
539.75
604.5
363.75
516.75
560.75
491.5
597.75
545.75
623.5
450.5
466
548.75
564.25
498.75
432.75
502.25
463.75
466.75
492.25
491.25
589.75
434.5
414.75
349.75
445.5
447.75
449.5
503.5
415.5
397.25
432.5
351.25
488.75
410.75
465.75
411.75
376.25
473.5
379.75
379
603.75
403.75
409.75
527.5
373.25
570.5
464.5
321.5
396.75
413.5
288.75
376.5
489.75
478.5
574
495.75
506.5
414.5
350.25
413.5
543.5
366.5
488.5
528.25
460.5
437.75
621.25
383.5
355.5
455.75
504.75
495.75
381.75
478.75
445.75
522.25
507.75
413.75
536.5
451.75
360.5
414.5
371
470.5
507.75
359.75
497.75
560.5
478.75
543.75
405.5
364.75
481.25
494.5
390.75
429.5
531.5
424.75
511.25
549.5
395.5
462.75
512.75
486
378.75
394.75
418.75
473.25
395.75
357.75
438
387.75
461.75
426.75
403.75
449.25
316.25
613.75
344.75
554.5
449.25
641.25
583.75
605.75
594.5
550.5
545.75
544.5
632.5
611.5
522.75
462.75
619.25
555.5
510.5
654.5
504.5
512.75
563.5
445.25
579.5
548.75
548.25
517.75
496.75
494.5
565.5
470.5
489.75
584.5
610.75
509.5
474.75
610.5
552.75
465.75
474.75
603.5
586.5
664.75
538.75
501.5
604.25
576.75
670.5
515.75
664.75
537.75
617.75
568.75
596.75
499.75
546.5
654.25
508.5
591.5
601.5
558.5
466.5
551.75
676.5
479.75
504.25
514.75
502.75
499
574.5
599.75
530.75
551.75
559.5
596.5
534.75
555.5
621.5
630.75
597.25
579.5
592.75
588.5
459.5
667.75
627.5
534.5
488.5
541.25
505.75
504.5
700.25
590.75
643.5
622.75
639.5
614.5
618.75
554.5
473.75
713.75
613.5
435.5
482.75
497.5
528.25
493.75
455.75
438.75
510.25
415.75
405.75
501.25
397.5
552.75
535.75
413.25
399.75
454.75
565.5
398.5
400.75
410.5
433.5
478.5
465.25
410
522
483.75
492.75
524.75
515.25
685
372.75
473.5
442.75
503.75
485.5
398.75
515.75
564.75
505.75
494.75
386.75
343.75
415.5
463.75
498.75
545.25
434.75
424.75
385.5
542.75
414.75
522.75
559.75
452.25
404.5
439.75
493.25
438.75
476.5
446.75
560.5
536.5
481.5
416.25
533.75
533.75
419.75
391.25
491.75
426.75
552.75
467.25
437.25
524.75
499.75
603.75
364.75
397.75
403.75
403.75
434
385.75
544.25
392.75
429.5
480.75
475.5
475.75
434.75
620.75
455.75
545.5
650.25
427.5
411.75
497.5
398.5
506.5
451.75
707.25
718.5
809.5
717.25
780.75
620.75
677.75
652.5
737.75
708.75
694.25
693.5
817.75
731.75
718.75
744.75
721.75
688.75
670.5
721.5
721.75
887.5
839.75
632.75
719.5
794.75
625.75
746.5
675.25
694.5
642.75
588.75
748.5
690.75
786.75
747.25
808.75
619.5
580.75
803.25
804.75
765.75
838.75
755.75
824.75
752.25
706.25
714.5
695.75
659.75
766.75
717.25
854.25
738.75
758.75
700.5
771.75
789.75
572.5
784.75
627.75
721.25
724.75
641.5
701.75
857.75
761.5
740.5
771.75
811.75
674.75
685.5
946.75
729.75
784.25
831.5
772.25
894.75
718.5
688.75
660.75
767.75
590.75
727.75
770.75
817.75
707.5
749.5
669.75
682.75
765.75
661.5
712.75
688.75
692.5
757.75
676.5
724.75
776.75
693.75
595.25
452.5
740.5
505.5
586.75
614.75
567.75
417.75
583.75
553.75
575.75
639.75
652.5
641.75
502.75
587.75
445.5
519.5
626.75
484.75
689.75
549.5
539.5
524.75
615.5
597.75
495.75
527.5
386.75
534.75
469.75
692.5
714.25
548.5
449.75
443.25
566.75
517.75
556.75
444.75
431.75
481.5
630.5
527.75
588.5
568.75
599.75
494.75
719.5
414.75
604.75
519.75
586.75
591.5
487.5
614.25
582.5
447.75
514.75
549.5
528.5
661.5
577.75
513.75
586.75
506.25
526.25
585.75
466.75
439.75
416.75
533.75
547.75
514.75
441.75
495.75
651.5
564.75
536.75
577.75
591.5
479.75
538.5
525.5
577.75
521.75
511.5
570.25
614.75
416.75
509.75
579.75
455.5
484.75
420.75
577.5
532.5
585.5
567.5
398.75
