-257
-255
-252
-254
-254
-259
-255
-249
-258
-261
-252
-253
-251
-254
-256
-252
-259
-257
-256
-257
-252
-260
-253
-258
-259
-257
-255
-258
-257
-252
-254
-257
-259
-256
-255
-254
-257
-256
-252
-255
-256
-254
-254
-260
-253
-254
-257
-253
-257
-254
-250
-256
-253
-251
-252
-257
-251
-257
-257
-257
-259
-255
-255
-264
-254
-252
-262
-251
-252
-257
-254
-255
-256
-254
-258
-258
-254
-259
-257
-253
-250
-256
-253
-262
-252
-257
-257
-257
-257
-257
-251
-254
-259
-253
-258
-258
-257
-258
-252
-258
