-908.61
-1253.61
-1248.36
-976.12
-1258.36
-1342.86
-1168.86
-1065.53
-906.82
-1228.08
-1154.11
-1201.92
-1225.61
-1152.52
-1270.36
-981.08
-826.17
-1131.61
-809.68
-1107.36
-987.32
-802.89
-853.42
-1328.44
-978.86
-1357.36
-518.8
-839.27
-1299.61
-1390.36
-943.86
-945.87
-1125.11
-835.86
-863.59
-1240.36
-1355.48
-1084.03
-754.86
-1313.13
-1238.87
-1125.03
-1373.86
-1360.62
-1365.57
-996.87
-764.77
-355
-1156.86
-1308.86
-738.88
-1059.61
-1014.62
-1257.42
-1289.11
-1185.61
-1072.36
-1110.36
-1343.52
-1336.02
-1379.61
-1274.58
-1155.42
-1061.37
-944.02
-1308.36
-1153.61
-1210.61
-1107.36
-1094.07
-1178.07
-1322.86
-789.66
-1204.07
-1174.61
-1223.36
-985.11
-1356.12
-1172.86
-1344.61
-1200.86
-1136.36
-927.02
-772.49
-1055.79
-591.4
-1201.61
-1010.17
-1291.87
-723.34
-1152.86
-1313.88
-1134.86
-973.98
-1107.86
-1323.11
-1256.11
-1154.36
-1126.61
-928.38
-1525.86
-1278.17
-1253.11
-1486.36
-1484.62
-1491.77
-1596.77
-1526.86
-1506.36
-1424.86
-1431.36
-1527.11
-1478.36
-1446.11
-1117.4
-1566.36
-1412.17
-1414.36
-1547.86
-1441.62
-1400.86
-1371.67
-1392.36
-1516.11
-1486.92
-1544.86
-1508.86
-1559.36
-1514.11
-1504.36
-1393.43
-1565.11
-1523.02
-1349.12
-1410.61
-1425.61
-1413.36
-1471.36
-1452.36
-1554.61
-1556.86
-1493.86
-1355.36
-958.92
-1276.12
-1492.27
-1443.61
-1565.61
-1420.36
-1533.11
-1519.11
-1405.61
-1456.86
-1520.36
-1408.97
-1515.11
-1557.86
-1461.86
-1481.61
-1313.86
-1420.86
-1490.61
-1534.86
-1305.61
-1520.61
-1469.11
-1519.61
-1490.11
-1535.86
-1510.11
-1560.61
-1578.61
-1442.61
-1546.36
-1515.86
-1347.61
-1450.11
-1357.27
-1518.61
-1527.61
-1547.11
-1396.61
-1233.86
-1497.86
-1415.11
-1505.36
-1310.92
-1403.61
-1440.36
-1450.97
-1468.32
-1531.36
-1518.36
-1435.58
-1466.62
-1480.36
-1382.86
-1446.61
-1474.86
-1493.17
-1298.07
-322.23
-1418.34
-326.76
-663.83
-1038.33
-1423.78
-1342.37
-899.37
-1236.29
-1090.36
-1252.18
-1210.12
-1118.37
-1228.36
-1150.77
-1409.54
-602.19
-1107.78
-835.66
-1196.79
-725.37
-1368.86
-1441.07
-1432.32
-903.57
-1220.08
-1342.61
-1413.86
-774.96
-1141.62
-1264.42
-1404.17
-1036.42
-1526.67
-1407.27
-1431.86
-223.65
-1188.62
-207.71
-1191.86
-707.77
-1121.77
-860.43
-1141.02
-749.15
-1259.36
-896.63
-1372.99
-1313.61
-1004.18
-894.3
-1384.37
-1326.82
-1483.12
-1256.82
-1208.61
-959.38
-1442.86
-771.25
-1458.18
-1266.36
-1404.98
-1295.36
-1200.77
-1236.02
-1318.94
-970.13
-1465.68
-927.08
-1334.32
-1255.86
-1408.82
-656.46
-1243.36
-1313.32
-636.49
-1168.5
-780.14
-1146.73
-1152.61
-1448.86
-1473.62
-1349.92
-1149.89
-1015.99
-1167.88
-1166.11
-895.02
-851.63
-1176.48
-986.48
-1169.12
-1312.82
-1170.36
-1474.24
-867.55
-959.11
-1447.07
-1253.59
-1729.11
-1542.86
-1680.02
-1731.86
-943.61
-1510.52
-1682.61
-1464.86
-650.01
-1663.82
-1727.61
-1555.03
-1395.77
-1686.61
-1625.52
-1325.11
-1479.11
-1689.58
-1709.47
-1711.67
-1808.61
-1665.86
-1627.36
-1660.22
-1442.52
-1511.84
-1681.92
-1699.72
-1481.86
-1502.86
-1489.61
-1610.27
-1374.12
-1421.61
-1680.86
-1387.28
-1587.61
-1618.61
-1629.27
-1646.11
-1488.97
-1630.61
-1509.68
-1602.27
-1748.52
-1453.52
-1634.73
-1624.62
-1656.97
-1723.47
-1630.92
-1787.98
-1542.27
-1474.52
-1691.92
-1667.97
-1347.77
-1620.61
-1599.02
-1652.27
-1534.33
-1707.11
-1500.77
-1626.33
-1635.02
-1650.43
-1531.53
-1626.77
-1581.33
-1418.52
-1582.94
-1698.86
-1581.52
-1624.98
-1673.27
-1717.02
-1733.82
-1467.17
-1688.67
-1685.97
-1666.37
-1451.78
-1672.33
-1706.42
-1667.97
-1671.42
-1732.67
-1519.02
-1603.77
-1736.11
-1670.24
-1618.19
-1503.77
-1630.02
-1635.67
-1714.67
-1367.22
-1500.77
-1648.74
-1649.02
