412.75
420.25
348.75
440.75
376.5
438
468.75
539.25
484.75
385
466.75
341.5
315.25
420.75
341
333.25
415
351.75
335.75
438
425.5
419
341.5
441
399
308.75
392.5
321
381.75
426.5
358.5
388
366
332.75
442
408.25
392
458.75
296.5
361
275.5
478.5
552.5
444
461.5
389.75
424
321.5
490.5
527.25
376.25
330.75
360.25
307.25
373.25
395
375.5
390
409.75
344.75
499
453.75
549.75
369
484.5
382.25
405
448.25
369.25
437.75
297.25
433.5
417
377.5
377.75
495.75
406.25
389
359.75
366.5
427.25
429.75
371.5
421
451.25
406.75
355.75
352.75
431.75
478
458
378.25
386
389.75
349.75
401.75
398
345
483.75
385.75
