-14610
-5150
-11640
-4315
-4415
-4270
-5080
-7060
-10475
-7780
-14360
-9445
-6890
-13185
-12460
-4380
-11120
-14530
-15215
-11160
-8255
-8265
-8140
-4345
-4360
-4285
-4405
-8525
-4255
-6860
-13305
-11170
-4305
-9935
-7670
-8880
-14945
-4390
-11225
-10010
-4605
-4295
-11095
-9675
-4520
-8285
-15335
-4350
-14770
-16930
-4275
-8005
-4795
-4345
-11630
-6270
-11105
-4300
-9200
-12505
-5530
-13765
-7845
-9095
-6070
-5270
-7430
-8185
-13515
-9870
-6860
-4435
-12595
-4305
-4410
-5175
-7970
-4290
-8405
-14500
-4425
-4455
-8705
-10845
-7195
-12615
-4580
-9195
-15065
-15240
-4335
-4370
-9960
-4255
-14385
-9765
-7215
-8260
-4335
-9500
