-15185
-8090
-11570
-11800
-15520
-11990
-15670
-10780
-11470
-8120
-8105
-12010
-8070
-11515
-11405
-8050
-11970
-8090
-17990
-11860
-14910
-14600
-16820
-8060
-11850
-8060
-10800
-15030
-14435
-14840
-15810
-11745
-8070
-10085
-11570
-10850
-11310
-15135
-8085
-8060
-18115
-8100
-11220
-8160
-8070
-8065
-19060
-8080
-10380
-8095
-11980
-13990
-11370
-15930
-11315
-8075
-11810
-8095
-8085
-15460
-11720
-19200
-8045
-11575
-8060
-17740
-11005
-10920
-8070
-8090
-18440
-19600
-11910
-17530
-15545
-8130
-9585
-8080
-10770
-18285
-11390
-8120
-8095
-8110
-18095
-8050
-8055
-19195
-14390
-8090
-11500
-18545
-11840
-11870
-11350
-11310
-15730
-12015
-15530
-18935
