-430
-9590
-4670
-9795
-5965
-365
-335
-305
-6530
-7750
-8155
-7755
-270
-275
-2065
-9530
-7455
-305
-380
-6170
-395
-5010
-7195
-10000
-1810
-415
-5590
-5815
-310
-3235
-7950
-6050
-4095
-6730
-3885
-4430
-2360
-3880
-4140
-8615
-7550
-8640
-7375
-6255
-3745
-5655
-295
-4470
-7775
-6285
-7830
-11005
-500
-315
-3560
-6790
-11085
-310
-6475
-2790
-10420
-7685
-9860
-4170
-7015
-9620
-370
-2905
-325
-3545
-5685
-280
-8735
-385
-3920
-4940
-1410
-1855
-5305
-10910
-4460
-10555
-2140
-5035
-430
-7045
-300
-6415
-9180
-535
-350
-335
-3805
-4110
-2365
-4810
-420
-6955
-7670
-330
