-165
-231.25
-115.75
-128
-137.75
-121
-160.75
-119
-128
-139.75
-123
-102.75
-137.5
-150
-159
-131.25
-86
-98
-192.75
-157.25
-193.75
-199.5
-155.75
-105
-109.25
-167.5
-155
-128
-164.75
-167
-141
-103.75
-162.25
-141
-179.25
-172
-92
-163.75
-201.25
-100.75
-126
-196
-110.5
-123
-101.75
-177.5
-97
-169
-137
-145.25
-148
-93.25
-235.25
-106
-118.25
-102.25
-237.75
-154
-131.5
-129.75
-228.75
-87
-130
-121.75
-151.75
-136.25
-188.25
-207.75
-139.25
-140.25
-152.5
-182.5
-198
-83
-85
-156.5
-152.5
-96.75
-100
-145
-155.5
-118
-95
-141
-134
-114
-181.75
-103.25
-192.5
-175.25
-211.75
-135.5
-151.5
-111
-75
-153
-189.75
-173.75
-132
-100
