-137.75
-45.75
-137
-84.75
-61
-65
-61
-50
-60
-61.5
-131.25
-137.25
-54
-167.75
-34
-53
-60
-110
-58
-53
-73.5
-68
-41
-146
-75
-95.25
-49
-70.25
-54
-50.25
-96
-53
-77
-124.25
-138.25
-100.5
-80
-75
-67.25
-64
-69
-70
-60
-139
-112
-100.75
-57
-63.5
-99
-93.5
-62
-79.5
-57
-74
-66
-57
-98.75
-90
-54
-25
-74
-163.75
-68
-59
-55
-64.25
-74
-140.75
-145.5
-34.5
-75
-128.25
-73
-41
-69
-77
-64
-125.5
-81.75
-66
-71.25
-147.5
-132.75
-124
-47
-67
-74
-76.5
-73
-72.75
-63
-163.75
-23.5
-61
-122.25
-75
-78
-66.75
-65
-69
