000000100
4
100000001
2
000000010
8
010000000
1
000000001
1
000000001
7
101100000
4
011010000
3
011011000
3
011001001
5
011011000
3
011011100
3
011101110
0
011101110
0
111111010
4
101000111
5
001111010
8
011101111
9
111100101
1
010101111
2
011111101
8
110100101
4
110101000
5
110110000
4
100111000
1
100010011
8
010111011
0
111000101
5
010101001
5
010101010
5
010101010
5
000111010
0
010111111
4
111001101
3
011101011
5
011100111
4
010001110
5
000111010
0
011011111
0
011000101
0
000000100
2
000000100
1
000000001
5
000010000
5
010000001
1
000000001
1
000110000
9
000000101
1
001000001
5
000010000
8
000000011
9
100000000
8
000000100
2
000000010
4
000001000
4
000000000
4
000001000
5
001000001
3
000000011
4
001101010
5
010001110
5
000111110
5
010001101
5
000011010
9
001011011
5
011110011
0
111100111
5
111000110
5
010011000
3
011011100
3
011101110
0
011100110
7
011101110
0
011101110
0
001101110
7
011101110
0
011101010
3
011001110
5
011101010
0
011111010
0
000000100
5
000010000
8
000100000
5
000010001
1
000000001
8
010000000
7
001000000
6
000100100
5
000010000
5
000010000
1
000000011
1
000100000
8
010000000
2
000000001
9
100010001
4
000010001
4
000101000
7
000000100
1
000000100
0
100010000
2
010000000
6
010100000
7
001001010
1
010011001
0
011001011
5
011010111
4
011001101
6
011101010
3
011101110
0
011101110
0
011101110
0
001100110
5
100100111
5
100110110
5
110000110
5
000010110
8
001110110
7
111101110
5
100011110
0
010001111
0
000000100
8
000010000
5
000010000
9
100000000
4
000001000
6
000100000
5
000010000
6
000100101
4
000001010
7
111000001
5
110011000
0
111111001
5
101111001
2
111101001
5
101111010
0
101101110
8
000101111
5
010111101
0
011101101
2
111101000
5
001111000
3
001011010
0
011010011
5
011100011
5
011100010
5
000111000
4
000000010
4
000001000
7
001010000
9
100000000
7
001000100
1
010000000
6
100100011
5
000111010
0
011111111
5
101010101
5
010101010
5
010111011
0
111100101
0
110101010
0
000000100
6
000100000
5
000010000
4
000001000
0
000000000
6
000110100
7
001110111
5
010100101
3
000000010
9
000000100
8
001100000
6
000100000
4
000001000
9
100000010
3
000000100
7
101000001
4
011011000
3
011011100
3
011101110
0
011101110
0
111101110
5
100001110
5
100110000
1
110110001
1
110100011
1
110101011
0
110101011
0
110101011
0
110101001
1
110101100
4
110111010
0
101000111
5
000111011
5
010011101
2
011101011
5
010110001
0
110111010
0
101001111
5
010101011
0
010001011
0
000000100
6
010100001
4
011010000
3
011011110
4
011001101
6
011101011
4
011000111
3
000100110
7
011110110
6
111100110
6
101001110
1
010101010
3
010101100
5
010100010
3
100110100
0
110110101
5
010001100
6
000000000
8
011000000
2
000000011
8
010000000
2
010001000
4
000000100
9
101000000
5
001010000
4
001000000
9
110000000
4
100001000
1
000001001
4
000111000
6
010110000
4
110111000
5
111101010
5
101111010
0
101001111
9
010110011
4
111101111
5
101010001
6
011111000
0
101101010
0
000000100
5
000000000
1
000001000
7
001000000
5
000010000
7
001100000
6
001000001
6
000100100
5
000011000
4
000001001
5
000010110
7
001110110
7
010001110
5
000111010
0
010111111
6
111100101
1
110101011
0
110101011
0
110101101
2
100111010
8
011111111
5
111000101
5
000111000
4
010011000
3
011011100
3
011101110
0
011101110
0
011111010
0
101100111
7
011101111
9
111100101
1
110100110
5
110010110
5
110011110
0
111001011
5
011100011
5
010110010
0
110111011
5
101010001
0
010011100
0
000000100
8
000000001
2
100000010
4
000000010
5
000010000
9
000000000
5
000010000
4
000001000
9
100000000
6
100010010
3
001110110
7
001111100
8
011101100
3
011101110
0
011101110
0
011001110
3
011100111
4
010101010
1
011101011
4
011101011
4
110101011
0
110101111
7
111000001
5
110011010
6
111101111
5
111010101
6
111100010
2
110111010
0
101000101
4
000001000
7
000000000
3
000000100
6
001000000
5
000001000
6
000000010
2
001000010
6
000000010
6
000100000
4
000001000
0
001000000
0
000000100
6
100000000
2
000100000
2
000001000
7
011000010
1
000010001
7
001001000
2
000000010
1
000000001
5
111010100
2
111001010
2
011101010
3
011101011
4
011101111
9
111100101
1
010101011
9
100101011
9
010101111
5
010111101
0
111100101
1
110101011
0
110101011
0
010101011
9
110101011
0
110101011
0
110111011
5
101010101
5
010111000
0
111111010
4
111010111
5
111010111
5
111010111
5
111010111
5
111000111
5
010011010
0
011011011
5
011110011
0
111101111
5
101010101
0
010101110
0
000000100
5
000010000
6
000100001
2
001000001
2
001000100
7
001000000
7
001000100
5
000010010
8
010000000
5
010000000
1
000000110
2
000000011
8
010000000
7
001000110
6
000110000
2
000010010
7
100000000
3
000000100
6
001100000
1
000001010
2
000001100
6
001000000
4
000001000
2
000000010
3
000010100
3
000001000
8
000000001
7
000000000
1
000001000
1
001000000
0
000000001
9
000000000
5
001000000
2
001000010
5
000000000
0
000000000
4
000001010
4
000001000
4
000100110
0
000110110
0
000000100
8
010000000
8
001000000
6
000011000
4
000001000
3
000000010
1
000000010
2
000000010
1
010000001
6
110001000
4
010011000
3
110011100
6
011101010
3
111101110
5
101011110
8
011010111
4
001000111
1
000001011
9
101011011
5
001100011
5
000001010
4
001001000
5
100000000
8
011000000
6
000100000
4
110001000
4
010010011
9
101110011
8
110100111
5
110011110
0
101001111
9
110101011
0
110101001
1
111101010
5
101111010
0
100001111
8
010101011
9
010101011
5
010111011
0
111100101
0
000000100
5
000010000
3
000010100
6
000100000
5
000000000
4
100011010
0
000111011
2
010111011
0
111100101
1
111101010
8
111101010
8
100100010
3
000110100
7
000111100
4
010111100
2
111101110
5
101111110
2
101001101
5
011011010
4
011001001
5
001011000
3
011011100
3
011001110
3
011111110
5
101010101
5
010101010
5
010111010
0
111101110
5
001101110
7
110101110
5
110011010
6
101101011
5
000111011
5
010101101
5
010101000
6
010111000
0
111111010
4
101001111
5
010111111
0
111000101
0
000000100
1
000010000
2
000100010
6
000100000
8
010000100
9
100000000
6
000100000
5
000010000
5
000000010
6
000010001
5
000010000
5
000010000
4
000001000
4
001001000
6
000000001
5
000000001
6
000100000
0
001000100
8
010000000
6
000100000
1
000000001
6
101000100
4
000001000
6
010000000
8
000001000
5
100110000
4
110111000
5
001111010
8
011111111
5
101000101
4
100001000
1
000000001
9
000100000
7
001000000
0
000000100
8
000000100
3
000111001
9
110011001
0
110100011
0
100101000
0
000000100
8
010000000
5
010010000
8
010000000
9
000000100
3
000010100
2
100000010
9
000001000
6
001100000
6
000000100
4
100000000
2
001101011
6
110001011
9
110101011
0
110101111
7
111001101
3
011101111
9
111100101
1
110101011
0
110101011
0
010101011
9
110101011
0
110101011
0
110101001
1
110101010
1
110101011
0
110101011
0
111101101
5
101011010
8
011101011
5
111110011
6
100100001
4
000010000
0
000101000
3
000011000
2
001000000
8
010000100
4
000001000
4
000001000
0
100000010
0
000000100
8
100000000
6
000100000
4
000001000
4
000001000
5
101010000
4
111001000
5
111001001
5
011001010
5
111001100
2
100111010
8
100101111
2
001100101
5
000010010
3
000000100
5
000000000
3
100100000
5
010000000
5
000010000
9
100000000
8
101000010
4
001010000
1
000010001
6
000100000
3
000100100
4
000001010
3
000011000
8
010000000
3
000000110
8
010000000
8
001001000
3
000010100
7
001000000
4
000000010
5
000010000
0
000100000
2
000010100
4
000001000
4
000001000
0
000000000
0
000000100
4
001001000
6
000100000
8
010000100
1
011000000
6
000100000
9
000001000
4
000000001
4
000001000
2
001000001
1
100001001
6
101110000
8
110110000
1
110110001
1
100101011
9
110101011
0
110101011
0
110101010
1
110001010
5
110101000
5
110110000
1
110111000
5
101100010
5
010110000
1
111110000
5
101101000
4
100000100
1
100000000
8
010000000
7
010000000
6
000100010
2
000000010
8
001100001
4
000011000
5
000010100
6
000100000
8
010100000
6
101001000
4
010010000
0
000000000
0
000000100
5
001010000
0
000000010
2
000000010
2
000000000
4
001001010
8
000011100
4
010011010
0
001111011
5
001100101
4
000011010
9
001011011
5
011010011
4
011101011
4
011100011
5
010100010
8
000110010
7
000110010
7
000110110
7
000110111
5
000111001
9
010011011
4
011111011
8
111100101
1
110110011
6
010110111
5
110001001
5
110011000
0
111111000
5
101111010
0
101111111
5
101010101
5
010101100
5
110110010
5
110011110
0
111001111
5
011010011
5
011101011
5
011110111
0
111001101
0
000000100
4
001001000
5
000000001
8
010000000
1
000000001
8
010000000
4
000001000
9
000001000
1
010110000
1
111110001
5
101110010
8
100101111
2
010101111
2
010101111
5
110101101
2
110001100
5
010110000
1
100110001
4
110111010
0
101001111
9
010101111
2
010101111
5
010111101
0
111101101
5
101111000
5
101101110
8
000001110
4
010000010
5
001000000
1
000000001
1
000001001
6
000100000
8
000000001
2
000000010
1
100000001
5
010010010
8
000111010
0
010111111
4
111000101
0
010101000
0
000000100
4
010001000
1
000000000
2
100000000
9
000001010
9
100010000
3
100000100
7
001000000
1
000000011
6
000100000
8
001001000
5
100001000
6
000000000
3
000000101
1
000000001
5
000000001
8
010000000
3
001010110
8
010101110
7
001101110
7
110101110
6
111111110
5
111100101
1
110101111
7
111001001
5
011011000
3
011011100
3
011101110
0
001101110
7
110101110
5
110011110
0
110001111
6
010101011
9
110101011
0
110101011
0
110101011
0
110101001
1
110101011
0
110001011
0
010101011
0
000000100
2
000000010
4
000000000
3
000000000
8
010000000
7
001000000
3
001000000
5
000010000
1
000000001
2
000000011
8
010000000
5
000010000
7
001000000
1
000000001
9
100000000
6
000100010
5
000010000
5
100010000
5
100000000
7
100010000
7
001000000
4
000001000
6
000000001
6
000100000
7
000100000
9
100000010
1
001000001
2
000000010
8
010000110
3
000110110
4
000111111
5
010111101
0
111101101
5
101101000
4
000001000
8
010000010
6
000100101
4
000011010
6
000011011
0
000011011
0
000000100
1
000000001
7
011000000
5
000010000
2
000000010
4
000001000
4
000001000
4
000100000
1
000000001
6
000000000
3
000001010
2
001001010
1
000011000
3
000000010
5
000010000
6
100110000
1
110110001
1
110101110
6
111101110
1
101001011
6
010111011
0
111100101
1
110111010
0
101001101
5
010011000
3
011011100
3
111101110
5
101101110
8
010111110
0
111000101
5
010111000
0
111111010
4
101001111
9
010101011
9
110101011
0
110111011
5
101010101
5
010011010
0
011111011
0
101100100
0
000000100
4
000101000
6
000100100
5
000010000
7
001000001
9
000000010
4
000001000
2
001000010
9
100000000
4
000110000
2
000000010
6
000000100
5
000010000
5
000010000
8
010000000
6
000100000
3
000000010
6
010100000
4
000101000
1
001000011
8
010011000
3
011101100
3
010101110
7
010111110
0
111001111
5
001010011
6
000110011
0
000101111
5
000111101
2
010101101
5
010101000
4
011011000
6
111111000
5
101111010
0
101101111
5
000111101
5
000111101
5
111101101
5
100101000
0
010010011
0
000000100
9
100000000
9
000000000
5
000000001
7
001000000
2
010000000
9
100000000
6
000100000
1
000000001
1
000000001
4
000001000
6
000100000
6
000100000
8
100000010
8
000000010
5
010010000
5
001010000
5
000010101
4
000011010
9
100011011
9
010101010
5
011111010
0
110100111
6
110101110
6
110101100
4
111100110
5
110011100
6
111111010
4
101100101
5
010110010
0
110101100
4
110101010
1
100111010
0
110101111
5
110011101
6
111101001
5
101101010
5
110101110
5
110001110
0
010001010
0
000000100
2
100000000
5
000010000
5
000010000
4
001000100
4
000001000
4
000001000
3
000100100
9
100000000
6
000100000
6
000010000
5
000010001
8
000000001
5
000010000
8
010000001
6
000000101
5
100100000
1
000100000
9
100000000
4
000000000
6
010100000
5
010000100
6
000110000
1
001000100
9
101010001
6
010011000
3
010001100
6
000110000
8
000000000
6
000101000
8
010000000
9
000001100
6
000100100
6
000100100
5
000010100
5
000010000
4
000001010
4
010010110
7
101011111
0
000000101
0
000000100
7
101000000
8
010000000
8
101000000
2
000000000
8
010000100
3
000000100
4
000001000
2
001000010
5
000010000
4
000001000
5
100000000
6
000100000
3
001100100
6
000110100
7
101110100
4
101101110
8
010001111
8
000101011
5
000011011
9
100011011
9
110101011
0
101101011
8
110101011
0
110100010
5
110110000
1
110110001
1
111001011
5
001110011
4
111000111
5
010011010
0
001111011
5
001110101
5
000111100
7
011110100
0
111101010
5
101101011
5
000111011
5
010110101
0
110101100
0
000000100
8
100010100
3
000110100
8
010110010
0
110111110
2
101001111
9
110101011
0
110101011
0
110101011
0
010110011
4
110101111
2
110000111
5
000011010
8
000011011
9
100011011
9
110001011
9
110101011
0
111101001
8
111101010
8
011101010
3
011101110
0
001101110
7
011111110
5
100000101
4
000011000
4
001000001
2
000000010
0
000000000
6
010000000
9
001100000
4
101001100
5
010010000
3
000000100
4
000001000
0
000000000
6
000100001
3
000000100
4
000101000
4
000000010
0
000000000
0
000000100
1
100001001
4
001011000
3
011011100
3
011101110
0
011101110
0
011101110
0
011101010
3
011100010
5
010111000
0
111111010
4
101001101
5
011111010
0
101110111
5
101010111
4
010000111
5
000111010
0
000111101
5
011101001
6
011101010
3
011101100
3
011101110
0
010101110
7
111100100
5
110110000
4
110011000
0
111111000
5
101111000
5
101111010
0
101111111
5
111000111
5
011000010
8
010000000
2
000010011
8
011011011
5
011110011
0
111100111
5
110010110
5
110011110
0
111001111
0
000000100
2
001000010
6
000000000
2
010000010
7
001000000
0
000000000
1
001000000
6
100100000
6
000100000
9
000000001
3
000000100
1
000000001
9
100000000
9
100000000
6
000100000
3
001000001
2
000000010
6
000100000
2
000100010
6
000100000
2
010000000
4
001001000
2
000100100
4
001001000
2
000000010
1
000000001
2
000110010
8
010110010
0
110111110
8
111001101
3
011101110
0
111101010
5
001111001
5
001011011
5
011010011
5
111100011
5
111100010
5
111111101
5
101011101
0
101101001
0
000000100
4
000001001
6
000100000
4
000001000
5
011000010
1
010011000
3
001011100
6
011001010
5
011011000
3
011011100
3
011101010
3
011101110
0
011101110
0
011101110
0
011111110
5
101011101
8
010101001
5
010011010
0
011101011
4
010100011
5
000111010
0
110100111
5
111000110
5
010011010
0
011111001
5
101110001
8
100101110
4
110100111
5
010011110
6
111101101
5
101101001
5
000011010
6
000111010
0
010111111
4
111001101
3
011111110
5
101010111
4
010001110
5
000111110
0
010100101
0
000000100
6
100000001
3
000000101
2
000000001
7
001000000
8
010000000
8
010000000
5
000010000
3
010000000
3
000001100
4
001100000
6
000100000
8
010000100
9
101000000
1
000001101
4
000011010
9
000011011
9
000001011
8
000011011
9
100011011
9
010101011
9
110101011
0
110101011
0
110101011
0
110101011
0
110101011
0
110101011
0
110111011
5
101010111
6
010100111
5
010101111
5
100011101
5
011011101
5
111100000
5
011110010
4
111110110
5
011000100
4
010011000
6
011111000
0
101101010
0
000000100
8
010000000
5
000011000
1
000000001
6
100101000
4
010011000
3
011011000
3
011011100
3
011101110
0
011101110
0
010101110
7
011001110
3
001001010
1
000000100
4
000001000
9
100000000
5
000010010
7
000000000
8
110000000
9
100000000
3
010000110
3
000110100
7
011110100
0
111101110
1
111011101
5
101010001
6
010111000
0
111111010
6
101000111
5
000111010
0
010111011
0
111100101
1
110101011
0
110101011
0
110101001
1
110101011
0
100101010
5
010110010
0
110111110
8
111001111
5
011010011
5
011110011
0
111100111
5
110010110
5
110011110
0
111001111
5
011010011
4
011101111
5
010110101
2
110101110
5
100011110
6
011111111
0
111000101
0
000000100
9
100000000
3
000000100
3
000011110
0
001111111
5
001110101
2
010101110
7
001101010
5
010011010
0
011111011
8
101100101
5
010100010
3
000100100
5
000000000
3
000000100
7
001000001
8
000000000
9
000000000
6
000100010
3
000000100
3
010000100
4
000001000
3
000000100
1
000010001
8
010001000
1
000000001
4
000001000
6
000100000
6
000100000
3
001000100
9
100100010
4
001111000
3
001010110
8
010011110
6
011101111
9
101110101
2
100101110
4
010100110
5
000110010
0
000110101
0
000000100
6
000100001
7
001010000
6
000100000
5
001010000
1
000000000
4
000001000
1
000000001
6
000100000
0
000000000
8
010000000
4
100001010
4
000011000
9
100010000
6
001101000
4
010011000
3
011011100
3
011111110
5
111010101
4
111001011
4
011111011
2
101100111
7
010101110
7
011101110
0
011101110
0
001101010
5
010011000
3
111101100
5
101111000
5
101111010
0
101100111
7
011101110
0
111101110
1
101001111
9
110101011
0
110111011
5
101010101
5
010111010
0
111101111
0
100000101
0
000000100
8
010000000
9
100010010
3
000111100
4
110111100
5
101011100
8
011001010
5
001011000
3
011011100
3
011101110
0
011101110
0
011101110
0
011101100
3
011101110
0
011101110
0
011101110
0
011101110
0
011101110
0
011101110
0
011101110
0
011101111
9
110101101
2
110101001
1
110101011
0
110001011
9
010101011
9
110001011
9
110100011
1
010100011
5
010111110
0
111011101
5
101010000
6
001110000
4
010011000
6
011111000
5
101111011
8
111100101
1
110101111
5
110011101
0
111001001
0
000000100
4
010001000
9
100010000
9
100000000
1
010000001
3
000000100
6
100100000
6
000100000
7
001100000
5
000010011
8
010011011
4
010100011
5
000111110
5
010110101
2
110101110
6
110101110
6
110101110
6
110101110
6
110101110
6
100101010
5
010110110
6
110101110
5
110011110
0
111011011
5
111010011
4
111001011
4
010101111
5
110111101
8
111001101
3
011111110
5
101010110
6
010101110
7
011101110
0
011101110
0
011101100
3
011101110
0
011111110
5
101010101
5
010101010
0
010101110
0
000000100
9
100000001
2
000000010
9
000000000
9
101000010
4
000011000
3
001010100
4
000011000
6
000100001
3
000000100
6
000100000
7
001000000
9
100000000
8
010000000
4
000001000
6
000101000
7
001000000
8
010000000
4
100001000
6
000110000
3
000010100
7
101000000
4
000001000
4
000011000
9
100000000
8
010010000
4
000001100
6
000100001
8
010000000
2
000000010
4
100000000
1
000000001
1
000000001
5
000010000
8
110000001
4
001011000
6
010111000
0
110111000
5
101111010
0
001101110
0
000000100
7
001010000
5
000010000
2
000100010
6
000100000
9
010010000
4
100001000
1
000000001
3
000000110
3
100000100
8
011000000
8
010100000
6
000100000
6
001100000
1
010000001
5
000010000
5
000010000
6
010100000
5
000010110
7
000110110
8
010110110
6
110101110
6
110001110
5
000011110
0
000111111
5
010111101
0
111001101
3
011101110
0
111101010
5
101111000
5
101111010
0
101101111
5
000111101
5
111111101
5
101010101
5
010110010
0
111111110
5
101010101
5
010111010
0
111111111
0
000000100
4
000001000
5
000110000
1
000000001
4
000101000
9
111000000
4
010011000
3
011011101
4
001101001
5
010011011
4
011101001
6
010101010
1
010101011
9
110101010
1
110101011
0
110101000
5
111110000
5
001111000
6
001111010
8
011101111
2
011100111
4
010111100
2
111101110
5
101011110
9
101101111
5
001111101
8
011101101
2
011101010
3
010101100
5
010100010
8
010110000
2
110110010
5
110011100
6
011101010
3
011101110
0
011101110
0
011101110
0
011001110
5
011111010
0
101100111
0
000000100
4
000001000
1
001000001
6
010100000
6
000000000
5
000010000
2
000000000
6
100100000
8
000000000
3
000000100
8
100000000
8
010000010
1
000000001
7
001110000
4
110011100
6
111101010
5
101111110
2
111001111
5
011010011
4
001001011
5
010011011
4
011101011
4
011101011
4
001111011
5
001110101
2
011101110
0
011101110
0
011101100
3
011101110
0
011101110
0
011001100
5
011011000
6
011111000
5
100111010
0
100111111
8
111101101
5
101111100
8
011100100
5
010110100
0
100110110
0
000000100
6
100100000
9
100000000
9
100100011
3
000100110
7
001110110
7
011101110
0
011001110
3
111101100
8
111101010
8
111101010
8
111101010
8
111101110
5
100011110
6
010101111
2
010101111
5
110111101
8
111001101
3
010101110
7
011101110
0
011101110
0
011101110
0
011101110
0
001101110
7
011101110
0
011101110
0
011101110
0
011101110
0
001101100
5
010110010
0
110010110
5
110011110
0
111001111
5
011011011
5
010100011
5
000111010
0
010110110
5
110011110
6
111101111
0
101000100
0
000000100
7
000000000
5
111010000
0
111111010
4
101001111
9
100100011
3
000100110
7
001110110
7
011101100
3
011101110
0
011101110
0
011101110
0
111101110
1
101101111
5
000111101
5
010111101
0
111101101
5
001011000
3
011011110
4
110001101
5
010111010
0
111101111
5
101010111
6
010100111
8
010001110
5
000101010
4
000111010
0
110111111
5
111010001
5
111110000
5
101111000
5
101111010
0
101101111
5
100111101
2
100101111
5
010111101
0
111101101
5
101111100
5
101111100
0
111001100
0
000000100
7
101000000
9
110000000
5
000010000
4
001011000
3
011011100
3
011101110
0
011101100
3
011101100
3
011101110
0
011101100
3
011101110
0
011101100
3
011101110
0
011101110
0
011101110
0
111101110
5
101001110
3
010101110
7
011101110
0
011101111
9
111100101
1
110101011
0
110101010
1
110101011
0
110101011
0
110101011
0
110101011
0
110101111
7
011001101
6
011101010
3
011101001
6
011101010
3
001001110
5
000011010
8
010011011
5
011110011
0
111100111
5
110000110
0
000000000
0
000000100
6
100100000
4
000001000
4
100001000
4
000001000
4
000001000
3
000000100
9
100000000
4
100101000
4
110011000
0
111111000
8
111101011
5
101110011
7
101100111
7
001101110
7
011101110
0
111101110
5
101011110
8
011001111
4
111101011
5
101110001
8
110101010
1
110101011
0
111101011
5
101110011
7
011100111
4
010101110
7
001101110
7
011101110
0
010101010
5
010110010
0
110111110
8
111001001
5
011011000
6
