-160
-11180
-12735
-105
-165
-3935
-130
-165
-90
-95
-95
-8350
-115
-4025
-105
-95
-145
-130
-3975
-3975
-145
-145
-90
-135
-3925
-150
-12495
-11225
-3940
-4085
-6805
-3255
-12225
-130
-125
-85
-125
-130
-130
-115
-90
-7090
-3940
-90
-135
-2415
-90
-130
-11260
-115
-3935
-550
-125
-4150
-155
-3855
-4085
-145
-6665
-815
-3825
-110
-7435
-3735
-100
-130
-135
-4015
-105
-11720
-130
-13530
-140
-95
-3990
-10350
-4320
-150
-135
-85
-3950
-4115
-115
-6660
-3760
-6695
-110
-360
-150
-170
-8060
-90
-145
-4070
-130
-120
-7370
-215
-115
-4155
