-12645
-12445
-8310
-8400
-12330
-8405
-8465
-9705
-14590
-11370
-8435
-10220
-12110
-8325
-11430
-8180
-12020
-12345
-8325
-12010
-15365
-11980
-8480
-12215
-8280
-11125
-11020
-12985
-10555
-8225
-8325
-8350
-15670
-14760
-10795
-11225
-19130
-8315
-12135
-8435
-8245
-9775
-11650
-8350
-8325
-15010
-12175
-8330
-8285
-12140
-11685
-8340
-8345
-12075
-8365
-15165
-8885
-11215
-8445
-17080
-9975
-10185
-12200
-15905
-19955
-13275
-8250
-17090
-12305
-8440
-11875
-8325
-15830
-18885
-12280
-8315
-14140
-8445
-8465
-12210
-11895
-11895
-17190
-11165
-12225
-8385
-8190
-20445
-11820
-9440
-17310
-19275
-8255
-8270
-8390
-12280
-13190
-8450
-10990
-8385
