-1493.61
-1637.11
-1435.61
-1316.86
-1495.36
-1543.36
-893.86
-1357.11
-1164.11
-1500.86
-1254.86
-1311.36
-1580.61
-1492.61
-1535.11
-1046.36
-1521.11
-1308.61
-1300.61
-1355.86
-1271.36
-1315.36
-1289.36
-1326.11
-1303.86
-1350.11
-930.36
-1438.61
-1296.86
-1428.61
-1529.86
-1304.36
-1373.11
-1600.86
-1528.86
-1368.11
-1360.11
-1178.11
-1631.86
-1360.86
-1657.36
-1692.11
-1069.86
-1604.61
-1229.36
-1512.36
-1340.36
-1159.36
-998.36
-1523.86
-1058.36
-1638.86
-1043.11
-1353.61
-1153.11
-1410.36
-1370.11
-1616.61
-1460.61
-1099.61
-1539.36
-1165.61
-1316.36
-1333.36
-1249.36
-1081.86
-1349.11
-1274.86
-1113.36
-1015.86
-1607.11
-1319.11
-1559.36
-1274.36
-1049.86
-1358.11
-855.11
-1199.86
-1450.11
-1423.86
-1449.11
-1221.61
-1576.36
-1498.11
-1249.11
-1541.61
-1176.86
-1273.36
-1329.86
-1241.61
-1272.36
-1061.11
-1555.86
-1475.61
-1527.87
-1305.86
-1317.36
-1458.36
-1545.61
-1344.86
