-59.75
-52
-26
-72.25
-66.5
-43.5
-60
-66.5
-63.5
-62
-42.5
-66.25
-56
-53
-60
-57
-58.5
-68.75
-62.5
-50.25
-60
-49
-55
-76
-56
-72.5
-60
-71
-66
-56.5
-57
-73
-52.25
-71
-49.5
-68.5
-49.75
-64
-62.5
-66
-59.5
-53
-69.5
-55.5
-60.5
-55
-64.5
-48.75
-42.5
-52.5
-63.75
-61.5
-68
-68
-49.5
-66.5
-59.5
-52.5
-55.5
-57
-73.5
-46.25
-63.25
-51
-64.5
-43.5
-61
-58.5
-71.5
-63
-52
-43
-63.5
-70.5
-54.5
-55
-62.5
-65
-64.5
-49.5
-46
-56
-62
-61.5
-51
-61.5
-45
-42.5
-69.5
-69.75
-39
-60
-74
-72.25
-59.5
-51.5
-59
-51.5
-67.5
-68.5
-49
-43.25
-55.5
-24
-27.5
-18
-23
-22.5
-33.25
-27
-35.5
-42
-30.25
-35.5
-40
-12
-34.75
-29.5
-15.5
-24.5
-18.5
-36
-52.25
-15.5
-15
-44
-42.5
-25.5
-43.25
-51
-21
-42
-44
-23.5
-14.5
-40.5
-46
-12
-29.5
-40
-1
-46.25
-52
-44
-32
-25.5
-33
-34
-47.5
-33
-40.5
-17
-36
-51
-25
-19.75
-34
-44.25
-29.5
-9.5
-23.5
-35.5
-35
-16
-30.5
-29.5
-35.75
-39
-14
-28.5
-30.5
-12
-28.75
-31.5
-45.5
-21.5
-27
-47.25
-25.25
-30.25
-27.25
-23.5
-50
-58
-33
-40.5
-39.5
-35
0
-26
-24
-47.5
-19
-22
-32.75
-20.5
-32
-21
-21.25
-41
-60.25
-45.5
-67.25
-71.25
-76.25
-58.25
-71.5
-65.5
-60
-66
-73.5
-69.5
-65
-74.25
-66.25
-71
-58.75
-70.5
-63.5
-61.75
-67.75
-72.75
-63
-68
-68.5
-65.5
-76
-57.75
-59.75
-66.25
-71.25
-69.5
-61.75
-73.25
-68.75
-75
-65.75
-63.75
-71.5
-60.75
-57.5
-64.75
-73
-77.25
-65.5
-58.25
-60
-79.25
-55.75
-66.5
-66.5
-67.5
-56
-59.5
-71
-62.75
-71.25
-62.25
-70.5
-54.5
-72
-50.25
-77.75
-69.75
-60.5
-79.75
-47.5
-60
-56.25
-72.25
-69.25
-60
-76
-72.25
-58
-65.5
-71.25
-67.25
-67
-60
-64.75
-69
-54.25
-59.5
-68.75
-70.5
-64.25
-46.75
-73.5
-66.25
-74.25
-65
-55
-70
-60.5
-68
-63.5
-69.75
-62.75
-61.75
-70.5
-104.25
-76.25
-78.25
-124.75
-72
-85.5
-47.25
-98.5
-57.25
-90.75
-83
-84
-113.25
-94
-107.5
-84
-114
-26
-77.75
-90.75
-40.5
-81.5
-66
-97
-102.75
-71.75
-73.25
-95.25
-85.25
-42.75
-32
-107
-97.75
-48.25
-66.25
-87.5
-61.5
-63.75
-69.5
-103.75
-63.5
-103.75
-70
-111.5
-88.25
-98.5
-84.75
-98
-74.5
-62
-75.5
-65
-47.25
-65
-98.25
-99
-48.75
-77.5
-71
-50.25
-83.5
-69.75
-104.75
-65.25
-70.75
-81.25
-54.75
-107.25
-73.25
-81.5
-72.25
-39.25
-95.75
-94.25
-60.75
-112.25
-80.25
-59.5
-111
-67.75
-83
-82.5
-105.75
-84.75
-88.5
-89.5
-114.5
-64.25
-80
-97.5
-55.75
-40.25
-93.25
-77
-51.75
-78.5
-111.5
-52
-76
-60.75
-75.25
-69.5
-94.5
-90.5
-93.25
-119
-94.25
-113.25
-90.75
-94.5
-110
-106
-81.75
-121.75
-101
-106.25
-101.5
-100.75
-87.5
-116.5
-121
-117
-108.5
-105.75
-122.5
-110.5
-104.75
-92.75
-93
-74.25
-117
-108
-76.75
-81.25
-96
-93.75
-106.25
-87.5
-99
-62
-106.5
-90.5
-132.5
-44.25
-82
-67
-107.75
-91.5
-76
-102.25
-101.5
-85.75
-120
-106.75
-99.75
-101.5
-105.75
-92.5
-95
-107.75
-85.5
-71.5
-114.75
-111.25
-77.75
-96
-101.25
-131
-85.75
-82.25
-105.5
-83
-108.25
-119.75
-113.25
-109.5
-56.25
-96
-81.25
-91
-100.5
-76.5
-81
-94.75
-83.25
-103
-119
-54.25
-98
-135
-124
-81.25
-78.5
-92.75
-96.5
-73
-118
-120
-119
-103
-97.5
-92.5
-115.5
-168.5
-102.5
-114.25
-159.75
-163
-172.75
-131.5
-106
-156.75
-125
-162
-154
-155.75
-123
-191.75
-131
-115.25
-124
-128.5
-91
-102.75
-121.25
-73.75
-171.75
-96.5
-115
-41.25
-78.75
-72.25
-106.5
-68.75
-136.5
-136
-167.5
-85
-173.75
-110
-74.75
-114.5
-80
-74
-154.5
-114
-119.75
-184.75
-130
-81
-160.75
-93.5
-168.75
-139
-162.75
-123.5
-124
-81.25
-35
-141
-156.25
-143
-137.5
-89.75
-100.25
-122.75
-155
-166.75
-107
-123.75
-136
-91.75
-100
-158.75
-114.25
-107.5
-71
-170.75
-99
-194.75
-131.75
-136.5
-167
-75
-71.5
-139
-182.75
-60
-83
-87
-137.5
-155.25
-160
-112
-149
-148
-128
-165
-124.5
-130.5
-157.25
-129
-132.25
-102.75
-106
-133
-128.25
-160.75
-140.5
-104.25
-177
-143.5
-110.75
-122.75
-110.5
-135.75
-91
-141.25
-136
-110.75
-103.25
-92
-118
-94.5
-120.25
-89
-112.75
-125
-130.5
-172
-124.25
-107.5
-117.25
-120.5
-136.5
-76.25
-136.25
-124.75
-162
-68.5
-133.75
-152.25
-74
-136.25
-140.5
-96.5
-168.5
-160.25
-162.25
-158.25
-148.25
-180
-120.75
-83.25
-128.25
-153.5
-152.5
-148
-99.5
-137.5
-146.75
-64.5
-125.25
-144.5
-124
-129.75
-139.25
-148
-125.75
-174.25
-128
-118
-159.75
-72.25
-163.25
-161.75
-132.75
-88.75
-103
-125.75
-120.75
-147.25
-131.25
-140.5
-104.75
-118.5
-140.25
-116.5
-147.5
-113
-173.25
-138.25
-123.75
-142.75
-138.75
-136
-163.75
-153
-133.5
-134.5
-98.25
-113
-49
-20
-95
-148
-45
-86
-147
-94.5
-69.5
-131
-123
-138
-150.5
-57.5
-101
-130
-100.75
-91.25
-41
-109.75
-96
-44.75
-197
-63.5
-88
-88
-132
-100
-96
-91
-91
-113
-86
-87.5
-70.75
-109
-74.5
-175
-35
-219
-88
-103
-56.25
-127
-115.75
-144
-126
-68.5
-130
-110
-129
-78.5
-82.5
-45
-146.75
-41
-122
-22.75
-138.5
-45.5
-45.25
-70.5
-101.5
-92
-91
-161
-97
-78
-152.25
-98.25
-137
-114.5
-147.25
-154
-165
-140
-127
-99
-54
-142
-163.5
-140
-110
-72.75
-58
-45
-74
-124
-96.5
-157
-63.5
-134.5
-63.75
-111
-163
-99.5
-29.25
