00000000000000000000
10
01000000000100000000
8
01000000010100000001
10
01010000010101000001
10
01010000010101000001
10
01010000010101000001
10
01010000110101000001
10
11010000111101000001
8
11010100111101000001
4
11010100111101000011
4
11010110111101001011
8
11010110111101001011
8
11010110111101011011
8
11110110111101011011
8
11110110111101011011
8
00000000000000000000
10
10000000001000000000
9
10010000001000000000
9
11010000001100000000
8
11010001001100000000
8
11110001001110000000
7
11110001001110000000
7
11110001001111000000
4
11110001001111000000
4
00000000000000000000
10
10000000000000000000
9
11000000000000000000
10
11000010000000000000
9
11000010000100000000
10
11000010010100000000
10
11000010011100000000
8
11100010011100000000
8
11100010011110000000
7
11110010011111000000
4
11110010011111000001
4
00000000000000000000
9
01000000000100000000
10
01000000100100000000
10
11000000101100000000
8
11000001101100000100
8
11000001101100000100
8
11100001101110000100
7
11110001101111000100
4
11110011101111000100
4
00000000000000000000
9
01000000000100000000
10
11000000001100000000
8
11100000001110000000
7
11110000001110000000
7
11110000001110000000
7
11110000001111000000
4
00000000000000000000
10
01000000000000000000
10
11000000001000000000
9
11000000001000000000
9
11000010001000000000
9
11000010001100000000
8
11100010001110000000
7
11110010001110000000
7
11110010001111000000
4
11110010001111001000
0
11110110001111011000
0
11110110101111011010
0
11110111101111011010
0
11111111101111111010
0
00000000000000000000
10
10000000000000000000
9
10000100000000000000
10
10000100000000000000
10
10000100000000000000
10
10000100001000000000
9
11000100001100000000
8
11100100001100000000
8
11100100001100010000
8
11100100001110010000
7
11100100001110010000
7
11110100001111010000
4
11110110001111011000
0
11110110001111011000
0
00000000000000000000
10
10000000000000000000
10
10000000001000000000
9
11000000001100000000
8
11100000001110000000
7
11110000001111000000
4
11110010001111001000
0
11110011111111001101
0
11110011111111001101
0
00000000000000000000
10
10000000001000000000
9
10010000001000000000
9
11010000001100000000
8
11110000001100000000
8
11110000001110000000
7
11110000001110000000
7
11110000001111000000
4
11110010001111000000
4
11110010001111000000
4
11110010001111000000
4
11110010001111000000
4
11110010011111000000
4
11110010011111001000
0
00000000000000000000
9
01000000000100000000
10
01000001000100000000
10
11000001001100000000
8
11100001001100000000
8
11100001001110000000
7
11110001001110000000
7
11110001011110000001
7
11110001011111000001
4
11110011011111001001
0
00000000000000000000
10
10000000001000000000
9
10000010001000001000
9
11000010001100001000
8
11100010001110001000
7
11100010011110001000
7
11110010011111001000
0
00000000000000000000
9
01000000000100000000
10
11000000001100000000
8
11100000001110000000
7
11110000001111000000
4
11110010001111001000
0
00000000000000000000
9
01000000000100000000
10
11000000001100000000
8
11100000001110000000
7
11110000001110000000
7
11110000001110000000
7
11110000001111000000
4
11111000001111100000
4
11111010001111101000
0
00000000000000000000
10
00010000000001000000
10
10010000000001000000
10
10010000001001000000
8
10010000001001000000
8
10110000001001000000
4
10110010001001000000
8
10110010001011000000
4
10110010001011001000
0
00000000000000000000
10
10000000001000000000
9
11000000001000000000
9
11000000001000000000
9
11000000001100000000
8
11100000001110000000
7
11110000001110000000
7
11110000011110000000
7
11110000011111000000
4
11110010011111001000
0
00000000000000000000
9
01000000000000000000
10
11000000001000000000
9
11000000001100000000
8
11000100001100000000
8
11100100001100000000
8
11100100001110000000
7
11110100001111000000
4
11110110001111001000
0
00000000000000000000
10
10000000001000000000
9
10000000101000000000
9
11000000101100000000
8
11010000101100000000
8
11110000101110000000
7
11110000101111000000
4
11110010101111001000
0
11110010101111001000
0
00000000000000000000
10
10000000001000000000
9
10000010001000000000
9
10000011001000000000
9
11000011001100000000
8
11100011001100000000
8
11100011001110000000
7
11110011001110000000
7
11110011001110000000
7
11110011001111000000
4
11110011001111001000
0
11110111101111011010
0
11110111101111011010
0
00000000000000000000
10
10000000001000000000
8
10100000001000000000
9
11100000001100000000
8
11100000001100000000
8
11100000001110000000
7
11110000001110000000
7
11110000001110000000
7
11110000001111000000
4
11110001001111000000
4
11110011001111001000
0
00000000000000000000
10
10000000000000000000
10
10000000001000000000
9
10000100001000000000
9
11000100001100000000
8
11100100001110000000
7
11110100001111000000
4
11110101001111000000
4
00000000000000000000
10
10000000001000000000
9
11000000001100000000
8
11100000001110000000
7
11110000001111000000
4
00000000000000000000
9
01000000000100000000
10
01100000000100000000
10
11100000001100000000
8
11100000001100000000
8
11100000001100000000
8
11100000001100000000
8
11100000001110000000
7
11110000001110000000
7
11110000001111000000
4
11110010001111000000
4
00000000000000000000
10
10000000001000000000
9
11000000001100000000
8
11100000001110000000
7
11110000001111000000
4
11110010001111001000
0
11110010011111001001
0
00000000000000000000
10
10000000001000000000
9
11000000001000000000
9
11000000001000000000
9
11000000001000000000
9
11000000001100000000
8
11010000001101000000
8
11010010001101000000
8
11110010001101000000
4
11110010001101001000
8
11110010001111001000
0
11110010001111001000
0
00000000000000000000
10
00000000100000000010
10
10000000101000000010
9
11000000101000000010
9
11000000101100000010
8
11100000101110000010
7
11100010101110001010
7
11110010101110001010
7
11110010101110001010
7
11110010101110001010
7
11110010101110001010
7
11110010101111001010
0
00000000000000000000
9
01000000000100000000
10
01001000000100000000
10
11001000001100000000
8
11111000001111000000
4
11111010001111000000
4
00000000000000000000
10
10000000001000000000
8
10100000001000000000
9
11100000001100000000
8
11100000001110000000
7
11110000001111000000
4
00000000000000000000
10
00000001000000000000
10
10000001000000000000
10
10000001001000000000
9
11000001001100000000
8
11100001001110000000
7
11110001001110000000
7
11110001001110000000
7
11110001001110000000
7
11110001001111000000
4
11111001001111000000
4
00000000000000000000
10
10000000001000000000
9
11000000001100000000
8
11100000001110000000
7
11110000001110000000
7
11110000001111000000
4
11110001001111000000
4
11110011001111000000
4
11111011001111100000
4
11111011001111100000
4
11111011101111100000
4
00000000000000000000
10
10000000001000000000
9
10000000101000000010
9
10010000101001000010
8
10110000101011000010
4
10110010101011000010
4
10110010101011000010
4
10110011101011000010
4
00000000000000000000
10
10000000001000000000
9
11000000001100000000
8 
00000000000000000000
10
01000000000000000000
10
01000000010000000000
9
01010000010001000000
10
01010000010101000000
10
01010000010101000000
10
01010000110101000010
10
11010000111101000010
4
11010100111101010010
4
11010100111101010010
4
11010110111101011010
8
11010110111101011010
8
11010110111101011010
8
11110110111101011010
8
11110110111101011010
8
00000000000000000000
10
10000000000000000000
9
10010000000000000000
9
11010000000100000000
10
11010001000100000000
10
11110001000100000000
10
11110001001100000000
8
11110001001110000000
7
11110001001110000000
7
11110001001111000000
4
11110001001111000000
4
00000000000000000000
9
01000000000100000000
10
11000000001100000000
8
11000010001100000000
8
00000000000000000000
10
01000000000100000000
10
01000000010100000000
10
01010000010100000000
10
01010000010100000000
10
01010000010100000000
10
01010000110100000000
10
11010000111100000000
8
11010100111100010000
8
11010100111100010000
8
11010110111100010000
8
11010110111100010000
8
11010110111100010000
8
11110110111110010000
7
11110110111110010000
7
11110110111110010000
7
11110110111110010000
7
11110111111110010100
7
11110111111110010100
7
11111111111110010100
7
11111111111110010100
7
11111111111110010100
7
11111111111110010100
7
11111111111110110100
7
11111111111110110100
7
11111111111110110100
7
11111111111110110100
7
11111111111111110100
4
00000000000000000000
9
00000100000000000000
10
10000100001000000000
9
10000101001000000000
9
10100101001010000000
7
10101101001010100000
7
11101101001110100000
7
11101101001110100100
7
11101101001110100100
7
11111101001111100100
4
11111101011111100101
4
11111101111111100111
4
11111101111111100111
4
11111101111111100111
4
11111101111111100111
4
11111101111111100111
4
11111101111111110111
4
11111101111111110111
4
11111101111111110111
4
11111101111111110111
4
11111101111111110111
4
11111101111111110111
4
11111101111111110111
4
11111101111111110111
4
11111101111111110111
4
11111101111111110111
4
00000000000000000000
9
10000000001000000000
9
10100000001000000000
9
11100000001100000000
8
11100000001100000000
8
11110000001100000000
8
11110001001100000100
8
11110001001101000100
8
11110011001101001100
8
00000000000000000000
10
01000000000100000000
10
01000000010100000000
10
01010000010100000000
10
01010000010100000000
10
01010000010101000000
10
01010000110101000010
10
11010000110101000010
10
11010100110101000010
10
11010100110101000010
10
11010110110101001010
8
11010110110101011010
8
11010110110101011010
8
11110110110101011010
8
11110110110101011010
8
00000000000000000000
9
00000100000000000000
10
10000100001000000000
9
10000101001000000100
9
10100101001010000100
7
10101101001010100100
7
11101101001010100100
7
11101101001010100100
7
11101101001010100100
7
11111101001010100100
7
11111101011010100100
7
11111101111010100100
7
11111101111010100100
7
11111101111010100100
7
11111101111010100100
7
11111101111010100100
7
11111101111010110100
7
11111101111010110100
7
11111101111110110100
7
11111101111110110100
7
11111101111110110100
7
11111101111110110100
7
11111101111110110100
7
11111101111110110100
7
11111101111110110100
7
11111101111110110100
7
11111111111110110100
7
11111111111110110100
7
11111111111110111100
7
11111111111110111100
7
11111111111110111100
7
11111111111110111100
7
11111111111110111100
7
11111111111110111100
7
11111111111110111101
7
00000000000000000000
9
10000000001000000000
9
10100000001000000000
9
11100000001100000000
8
11100000001100000000
8
11110000001101000000
8
11110001001101000000
4
11110001001101000000
4
11110011001101001000
8
11110011101101001000
8
11110011101101001000
8
11110011101101001010
8
11110011101101001010
8
11110011111101001011
8
11111011111101001011
8
00000000000000000000
9
00000000100000000010
9
00010000100000000010
10
00010100100000010010
10
00010101100000010010
10
00010101100000010010
10
00010101100000010010
9
01010101100100010010
10
01010101100100010010
10
01010101100100010010
10
01010101100100010010
10
01010111100100010010
10
01010111100100010010
10
01010111100100011010
8
01010111110100011010
8
01110111110100011010
8
01110111110100011010
8
01110111110100011010
8
01110111110100011010
8
11110111110100011010
8
11110111110100011010
8
11110111110100011010
8
11110111110100011010
8
11110111110101011010
8
11110111110101011010
8
11111111110101011010
8
11111111110101011010
8
11111111110101011010
8
11111111110101011010
8
11111111110101011011
8
11111111110101011011
8
11111111110101011011
8
11111111110101011011
8
11111111110101011011
8
11111111111101011011
8
11111111111101011011
8
11111111111101011011
8
11111111111101011011
8
11111111111101011011
8
00000000000000000000
9
10000000000000000000
10
10001000000000000000
9
10001100000000010000
10
10001100001000010000
9
