-109
-175
-63
-128
-187
-106
-130
-125
-124
-109
-131
-148
-120
-104
-111
-114
-169
-164
-149
-126
-118
-105
-94
-117
-118
-84
-136
-138.25
-200
-133
-151
-93
-116
-136
-93
-147
-120
-108
-177
-152
-160
-156
-136
-131.25
-119
-88
-114
-169
-134
-139
-70
-159
-154
-61.25
-129
-188
-96
-149
-137.75
-181
-104
-128
-156
-74
-119
-141
-125
-139
-216
-167
-186.25
-135
-135.75
-102
-156
-156
-166
-122
-108
-99
-193
-119
-189
-92
-167
-163
-138.75
-93
-143
-115
-58
-164.25
-181
-124
-136
-117
-149
-109
-176
-158
