00000000001101010000000000000000
0
00001111001010100100000000001010
3
01001111101010000000000010000110
4
11001011011010010000000000100011
3
10000011011001000101000000000110
4
00000111010100100001000010001110
3
01001111101010001001000000100100
4
11001011011010010011000000000011
1
11010011011001000101000001000111
2
11110010010100100001000010010111
0
11110000011010000001000000100101
3
10110000010101000000100000000101
4
00110100010010100001010000000100
1
00101100000010001000101000000110
2
00001101011010000010010100000000
3
01001111001010001000010001001000
0
01011011101010000010010000010100
4
11011010011001010010010000000010
1
11000010011000100110001000000110
3
10000011010100000010000110000110
4
00000111011010000000000001100100
0
00001111001010001000000000010100
2
00101111011010000010000000001000
3
01101101101010001000000001000000
4
11101001001010010010000000011000
2
11000001101001000100000001000100
4
01000011110100100100000000010000
3
00001011110010000000000010000000
0
00001111010010010000000000100100
0
00001111000010001100000000001101
2
01001111110010000011000010000000
0
01001011010010010001000001101000
3
00001011110001000101000000010000
2
00101111010000110001000010001100
4
10101101100000001101000000100100
2
10100101110000000110100000000000
2
10000101100000001100010001001100
4
00000111110000000110010000011010
1
00011111101000001000010011001000
3
01011110001000010010010000111010
0
00000000001101010000000000000000
0
00001111001010100100000000000100
0
00001111011010000000000010001000
3
01001111101010001000000000100000
4
11001011001010010010000000001000
3
10000011101001000100000001000000
4
00000111100100100000000010010100
0
00001111110010000000000000101000
0
00011111000010011000000000001100
3
01011110110010000110000000000000
1
01001010010010010010000010000010
3
00001011011001000110000000101001
2
00101111111000100001000011000000
4
10101101001000011001000000110000
2
10000101001000000110100000001000
4
00000111100100000100010001000100
0
00001111110010000000010010010000
0
00001111000010011000010000100000
0
00001111000010000110010000001100
1
00011111110010000000010011000000
3
01011110000010011000010000110101
1
01001010010010000111001000000000
3
00001011010001000011000110000100
2
00101111010000100001000001101101
0
00111101100000001001000000010111
3
01111100011000010010100000000001
4
11111000011000000111010000000100
1
11100000011000000110101000001110
2
11000001110100000110010100000110
4
01000011111010000100010001000100
3
00001011111001000000010010010100
4
10001111011000110000010000100100
0
10000111001000001100010000000100
4
00000111010100000010010010000000
0
00001111000010001000010001100000
0
00011111000010000010010000011000
0
00011110100010000010010000000000
1
10011110000010010010001000000100
3
11010110010010000110000100001000
1
11000010110010000010000010000000
0
00000000001101010000000000000000
0
00001111001010100100000000000100
0
00001111011010000000000010000001
3
10001111001010001001000000100100
3
11000111011010000011000000000000
2
11100011010110000001000001001010
1
11110001111101000001000000010000
0
11110000111010100000100000000100
3
01110000110101000000010000000100
3
00111000110010100000001000000101
1
10111100010010010001000100001100
1
10100100100010001100100000000110
2
11100101111010000110010000000000
2
11000001110110000100010001000000
4
11010011110101000100010000011100
4
01010010110010100000010010001100
3
00011010110001000000001000101100
0
00011110010000110000000100001100
1
00001110100000001100000000000100
0
00001111010000010010000010000000
0
00101111000000001100000001100000
4
10101101000000000110000000010000
2
10000101000000000100000001000100
4
00000111010000000100000000010000
2
00101111000000001000000010000000
0
00101101000000000010000000100000
0
00101101000000000000000001000101
0
00101101010000000001000000010000
0
00101101000000001000100000001000
2
00001101100000000010010000000000
1
00011111000000010000010001000100
0
00011110010000000100010000010000
1
00001110000000001000001010000110
4
10001111011000000010000100100000
2
10100111001000001000000001000000
4
00100101000100000010000000010010
1
00111101001010000000000001000000
0
00111100001010000000000000010000
3
01111100001010000000000000000100
2
01011000011010000000000000000000
0
00000000001101010000000000000000
0
00001111001010100100000000000000
3
10001111001010000000000010000000
3
11000111001010000000000000100100
4
01000011010110000000000000001000
3
00001011110101000000000000000011
0
00001111011010110001000000001000
3
01001111101010001101000000000000
4
11001011001010010011000010001100
3
10000011111001000101000001100000
2
10100111110100100001000010010000
4
00100101100010001001000000100000
2
00001101100010000010100000001100
1
00011111010010010000010001001010
3
01011110101010001100010000010100
1
01001010011010010010001010000010
3
00001011011001000110000100100010
4
10001111011000100000000011000010
2
10100111001000001000000000110010
3
11100101000100000010000000000111
1
01100001011010000001000001000000
3
00101001011001000000100000010010
4
10101101011000100000010000000110
2
10000101001000001000010000001110
4
00000111110100000010010000000011
3
00011111101010001001010001000100
3
01011110011010010011010000010000
1
01001010011010000111001000000000
3
00001011011001000011000110000110
4
10001111011000100001000001101110
2
10100111101000001001000000010111
4
00100101110100000011000000000011
2
00101101101010001000100001001001
2
00001101001010010011010000011100
1
00011111111010000101010001000001
2
00111110001010011001010010010101
3
00101100011010000111001000100001
2
00001101001010001110100100000001
0
00011111001010001101010001001000
4
10011110101010000011010010010001
0
00000000001101010000000000000000
0
00001111001010100100000000001100
0
00001111111010000000000010000000
3
10001111001010011000000000100000
3
10100111001010000110000000000000
3
11100101000110000100000001000000
2
11000001000110000100000000010100
3
10000011010101000100000000001000
4
00000111110010100000000010000100
0
00001111100010001000000000100100
0
00001111010010010010000000000000
0
00001111000010001100000001000100
2
00101111010010000010000010010000
0
00101101000010001000000001101010
3
01101101101010000010000000010000
4
11101001001010010000000001001000
2
11000001101001000100000000010100
3
10000011110100100100000000000000
4
00000111110010000000000010000100
0
00011111100010001000000000100100
3
01011110010010010010000000000001
1
01001010010010000111000000000100
3
01001011010001000011000010000100
3
00001011010000100001000001101100
2
00101111110000000001000000010111
4
10101101001000011001000000000101
2
10000101011000000110100000001001
4
00000111100100001101010001000000
0
00001111100010000011010010010101
1
00011111010010010001010001100011
3
10011110001010001101010000011001
3
11010110101010000011001010000001
2
11110010100110000011000100100001
4
01110000100101000011000000001101
1
01101000110010100010100000001001
2
01001001010001010011010000001010
3
00001011111000100101010001000000
4
10001111011000010001010010011011
0
10100111101000001101010000100111
3
11100101110100000111010000000011
0
00000000001101010000000000000000
0
00001111001010100100000000000100
2
00101111011010000000000010000010
3
01101101001010001000000000100010
4
01111001001010000010000000000010
4
11111000001001000010000000000010
1
11100000001000100010000000001110
4
01100001110100000010000000000010
2
01001001111010000000000001000100
3
00001011011001010000000000010101
4
10001111011000100101000000001100
2
10100111101000001001000010000100
4
00100101110100000011000000100000
2
00001101100010001000100001000000
0
00001111000010010010010000010100
1
00011111010010000100010001000010
3
01011110001010001000010010010001
1
01111010001010000011001000101000
1
01101000101001000011000100000000
2
01001001001000110010100000000000
3
01001011001000000100010001000100
3
00001011011000000000010010010000
4
10001111011000000000010000100100
0
10000111001000001000010000000100
4
11000111010100000010010000000000
1
11010011010010000000010001000100
3
10010010010001000000010000010100
4
00010110010000100000001000000100
1
00001110000000001000000100000100
2
00101111010000000010000000000010
4
00101101001000001000000001001000
0
00101101101000000010000000010100
4
10101101011000010000000001000000
2
10000101001000001100000000010110
4
10010111010100000110000000000010
4
00010110001010001010000010000000
1
00001110001010001010000000100011
2
00101111001010001011000000000110
4
10101101011010001001000001000010
2
10000101011010000010100000010110
0
00000000001101010000000000000000
0
00001111001010100100000000000100
2
00101111011010000000000010000000
3
01101101001010001000000000101000
2
01001001101010000010000000000000
3
00001011001001010000000001000000
4
10001111001000100100000000010000
2
10100111001000000000000010001000
4
00100101100100000000000000100001
0
00101101100010000001000000000000
2
00001101000010010000100000000000
1
00011111000010000100010000000000
2
00111110000010000000010010001101
1
00101100110010000001001000100010
2
00101101001010011000100100000000
2
00001101001010000110010000000100
1
00011111011010000100010001000000
3
01011110001010001000010010010000
1
01001010001010000010001000100000
3
00001011001001000010000100000010
4
10001111001000100000000001001010
2
10100111101000000000000000010110
4
00100101110100000000000000000011
3
01101101101010001001000000001000
2
01001001001010010010100000001100
3
00001011111001000100010001000010
4
10001111011000110000010010010010
0
10000111001000001100010000101110
4
00000111110100000010010010000010
3
01001111101010001000010001100000
4
11001011001010010010010000011010
3
10000011101001000100010001000010
4
00000111100100100000010010011011
3
01001111101010000001010000101000
1
01101011001010010001010000001001
1
01111001101001000101010000000001
2
01011000001000110100110000000101
3
00011010011000010101101000001000
0
00011110111000010001010110000000
2
00111110101000001101001000100000
0
00000000001101010000000000000000
0
00001111001010100100000000000100
2
00101111011010000000000010000000
3
01101101001010001000000000100000
4
11101001001010000010000000001110
3
10100001111001000000000001000010
4
00100101110100100000000000010010
3
01101101101010001000000000000000
2
01001001001010010010000000001100
3
00001011111001000100000001000000
0
00001111011000110000000010010001
4
10001111001000001101000000101000
2
10100111101000000011000010000000
4
00100101100100000001000001101000
1
00111101100010000000100000011000
2
00111100000010010000010000001100
2
00101100110010000100001000000000
2
00001101000010011100000100000000
0
00001111000010010110000000000000
0
00011111000010010000000011000000
0
00011110000010000100000000111011
2
00111110101010000001000010000000
3
01111100001010010001000000101000
2
01011000101010000100100000000000
4
11011010001001010100010000000000
3
10010010001000110000001010000100
4
00010110010100000100000100100000
1
00001110000010001000000010001000
0
00001111100010000010000000100100
0
00001111010010010000000001001000
0
00001111100010001100000000010010
3
01001111001010010010000010000100
4
11001011011010000100000001100001
3
10000011011001000001000010011100
2
10000111110100100001000000100101
2
10100111100010001001000000000101
4
00100101110010000011000000000001
2
00001101100010001000100001001001
1
00011111000010010011010000011100
0
00011110110010000111010000000010
0
00000000001101010000000000000000
0
00001111001010100100000000000100
2
00101111011010000000000010000000
3
01101101001010001000000000101000
2
01001001101010000010000000000000
3
00001011001001010000000001000000
4
10001111001000100100000000010100
2
10100111011000000000000010000000
4
00100101000100001000000000100000
0
00101101000010000010000000000000
0
10101101000010000000000001001000
0
10100101100010000000000000010000
4
00100101100010000000000000001000
0
00101101100010000000000000001000
2
00001101000010010000000000001100
0
00001111110010000100000000000000
0
00001111000010011000000010000101
0
00001111010010000111000000101010
3
01001111101010001001000011000100
4
11001011011010010011000000110001
3
10000011011001000101000001000101
2
10100111010100100001000010011101
4
00100101100010001001000000100101
2
00001101110010000010100000001001
1
00011111000010011001010001001000
3
01011110100010000111010000010000
1
01011010000010010011001010000010
1
01001010001001000111000100100000
3
00001011001000100011000010000100
4
10001111011000000001000001100011
2
10010111001000001001000000010111
3
11010110010100000011000000001011
2
11110010111010000011000000000101
4
01110000110101000011000000000101
2
00111000110010100010100000001101
2
00011100010010010011010000001100
1
00011110100010001111001000000100
1
00001110010010011011000110000000
3
01001111010010001111000000101000
4
11001011110010001001000011000000
0
00000000001101010000000000000000
0
00001111001010100100000000000010
3
01001111001010000000000010001010
0
01001011101010000000000000100110
3
01011011011001010000000000000010
3
01011010011000100100000000000110
3
00011010011000000000000010001110
1
00001110111000000000000000100110
4
10001111001000011000000000001110
0
10000111111000000110000000000010
4
00000111100100001000000011000010
3
01001111101010000010000000111000
1
01011011001010010000000001001000
3
00011010101001000100000000010000
1
00001110001000110000000010000100
4
00001111011000000100000000101010
2
00101111101000001000000010000110
4
10101101011000010010000000100011
0
10100101001000001101000001000010
3
11100101000100000110100000011010
2
11110001101010000100010001000000
2
11010000100101000100010000010000
4
01010010100010100100001000000000
3
00011010100001000000000110000000
0
00011110000000110000000000101100
1
00001110110000000100000000000001
2
00001111000000011001000010000000
0
00001111000000000111000000100100
2
00101111010000000001000011001000
0
00101101100000001001000000110110
4
10101101011000010010100000001000
2
10000101101000001100010001000100
4
00000111110100000110010000010011
3
01001111101010001001010011000000
4
01101011001010010011010000110000
1
01111001001001000101010001000001
4
11111000001000100100110000010101
3
10110000011000000101101000000000
4
00110100010100000101010100000000
3
01111100000010001100101000001000
0
00000000001101010000000000000000
0
00001111001010100100000000000100
2
00101111011010000000000010000000
3
01101101001010001000000000100100
0
01101001011010000010000000001000
3
00101001111001000000000001000000
2
00001101011000110000000000011100
0
00001111101000001100000000000100
0
00001111011000010010000010000000
4
10001111001000001100000001100100
2
10100111011000000010000010011000
4
00100101100100001000000001100000
0
00101101100010000010000000010000
2
00001101000010010000000001000101
0
00001111010010000101000000010010
3
01001111001010001001000010000000
2
01101011001010000011000000100000
3
00101001001001000001000001000100
4
10101101011000100000100000010000
2
10000101001000001000010000000000
4
00000111000100000010010000000000
1
00011111000010000000010001000000
2
00111110000010000000010000010000
1
00101100000010000000001000000100
0
00101101010010000000000100000000
0
00101101000010001000000000000100
0
00101101010010000010000000000000
0
00101101000010001000000001000000
0
10101101000010000010000000011001
1
10110101100010000001000001000100
4
00110100110010000000100000010000
1
00101100100010001000010000001100
2
00001101010010010010010000001010
3
00001111101010001100010001000100
0
00001111011010010010010010011000
3
01001111101010001100010001100000
4
11001011001010010010010010011010
3
10000011101001000100010001100011
0
10000111100100100001010010010010
1
10010111101010000001010000101000
0
00000000001101010000000000000000
0
00001111001010100100000000000000
3
01001111001010000000000010000000
2
01101011001010000000000000100010
3
00101001001001000000000000000111
4
00111101011000100001000000001010
2
00011100101000001000100000000110
4
10011110011000010010010000000010
1
10000110001000001110001000000010
3
11000111000100001010000110001011
2
11100011101010001001000001100100
3
10100001110101000011000000010000
4
00100101110010100000100001000110
0
00101101101010001000010000010100
2
00001101011010010010010000001010
3
01001111101010001100010001000011
4
11001011001010010011010010010110
1
11010011011001000101010001100010
2
11110010010100100001010010011010
4
10110000111010000001001000100000
4
00110100110110000000100100001000
3
01111100100110001000010000001000
2
01011000000110010010001000001000
1
01001010100101000110000100000100
3
00001011010010110010000010000001
0
00001111010010000101000001101100
2
00101111100010001001000010010100
4
10101101010010010011000000100000
2
10000101000010001100100001000001
4
00000111000010000111010000010000
1
00011111000010000001010011000100
2
00111110010010000001010000110000
1
00101100000010001001001000001100
2
00001101110010000010100100000010
3
01001111001010011000010001000100
4
11001011011010000110010000011010
3
10000011111001000000010011000010
4
00000111110100100000010000111010
3
01001111101010001000010000001000
1
01011011001010010010010000001010
0
00000000001101010000000000000000
0
00001111001010100100000000001000
3
00101111101010000000000010000001
3
01101101001010010001000000100100
2
01001001011010000100100000000000
1
01011011011001000100010000000000
3
00011010011000100000010010001001
2
00111110111000000001001000100000
1
00101100001000011001000100000000
2
00001101001000000110100000000001
1
00011111001000000101010001001000
2
00111110101000000001010010010100
4
10111100011000010001001000100000
1
10100100001000001100100100001000
2
10000101100100000110010000000100
4
11000111110010000100010001000000
4
11100011110010000000010010010000
4
01100001110001000000010000101000
3
01101001110000100000010000001001
2
01001001010000010001010000001000
1
01011011110000000101010000000000
3
00011010010000010001010010000000
1
00001110010000000101001000101100
2
00101111100000001001000110000100
4
10101101010000010011000000100001
2
10000101000000001100100001001101
4
00000111110000000111010000010000
0
00001111100000001001010011000100
0
00001111010000010011010000110000
0
00001111000000001101010001000000
0
00001111000000000011010010010000
1
00011111000000000001010001100000
2
00111110000000000001010000010001
0
00111100000000000001001000000001
0
00111100000000000000100100000001
0
10111100000000000001010000001100
1
10100100110000000000101000000010
4
00100101101000001000010100000101
2
00001101111000000011010000000000
3
01001111001000011001010001001000
0
00000000001101010000000000000000
0
00001111001010100100000000000000
3
00101111001010000000000010001000
3
01101101101010000000000000100000
2
01001001001010010000000000001010
3
00001011101001000100000000000010
4
10001111001000110000000010000010
0
10000111001000000100000000101110
4
00000111110100000000000010000010
3
01001111101010001000000000100000
4
11001011001010010010000000001001
3
10000011101001000101000001000100
2
10100111110100100001000010010011
3
11100101101010001001000000100001
4
01100001100110000010100000000001
1
01111001100101000001010001000000
2
01011000000010110000110000010101
3
00011010010001000101101000000000
2
00111110010000100001010110000110
1
00101100001000001001001000101100
2
00001101111000000010100100000000
4
10001111001000011000010001001100
0
10000111111000000110010000010001
4
00000111100100001001010011000000
3
01001111100010000011010000110010
1
11001011001010010001010001001000
1
11010011101001000101010000010100
2
11110010110100100001010010000010
4
01110000111010000001001000100100
3
00111000111001000000100100000100
4
10111100011000110000010000000100
1
10100100001000001100001000001100
2
10000101110100000110000100000000
4
00000111100010001100000001000110
0
00001111111010000010000010011001
0
00001111001010011001000001101100
0
10001111111010000111000000010000
3
11000111101010001001000011001100
0
11000011110110000011000000111000
2
11100011110101000001000001001000
0
00000000001101010000000000000000
0
00001111001010100100000000000000
3
01001111001010000000000010000111
4
11001011011010000001000000100010
3
10000011011001000001000000001010
2
10100111110100100001000000000010
3
11100101101010001001000000000100
4
01100001110110000010100000000000
1
01111001110101000000010001000000
2
01011000010010110000010000010000
3
00011010010001000100001000000100
1
00001110010000100000000110000100
2
00101111000000001000000000100100
0
00101101010000000010000000000000
0
00101101000000001000000001001001
0
00101101100000000011000000010000
2
00111101000000010000100001000100
2
00011100010000000100010000011001
1
00001110100000001101001000000100
0
00001111010000010011000110001000
0
00001111100000001101000001100000
0
00011111000000010011000010010110
3
01011110011000000111000000100001
1
01001010011000000011000010001001
3
00001011111000000011000000100011
4
10001111011000010001000001000111
3
11000111001000001101000000010111
2
11100011010100000011000010000011
1
11110001011010000001000001101001
3
10110000110101000000100000010101
4
00110100110010100001010000000100
1
00101100100010001000101000000100
2
00001101010010010010010100000000
0
00001111000010001100010001001000
0
00011111100010000010010010010010
3
01011110001010010010010000100100
1
01001010011010000110001000000000
3
00001011011001000010000110001100
1
00011111111000100000000001100100
4
10011110001000011000000000011100
0
00000000001101010000000000000000
0
00001111001010100100000000000100
2
00101111011010000000000010000000
3
01101101001010001000000000101000
2
01001001101010000010000000000000
3
00001011001001010000000001000100
0
00001111011000100100000000010000
2
00101111001000001000000010001000
0
10101101101000000010000000100000
1
10110101101000000000000001001100
4
00110100110100000000000000011001
1
00101100100010001001000000001000
2
00001101000010010010100000001000
3
01001111100010000100010001000000
1
01011011000010010000010010010100
3
00011010010001000100010000100000
2
10011110010000100000001010000110
1
10000110001000001000000100101100
4
00000111110100000010000000000000
0
00001111100010001000000001000001
0
00001111000010010011000000010000
0
00001111000010000101000001000100
2
00101111010010000001000010011000
0
00101101100010001001000000100100
2
00001101010010010010100000001000
0
00001111100010001100010001000000
0
00101111000010010010010010010000
1
00111101000010000100010001100000
2
00011100000010000100010000010100
1
00001110010010000100001000000000
2
00101111000010001000000110000010
3
01101101001010000010000000101100
2
01001001111010000000000001000010
4
11001011011001010000000000011010
3
10000011111000100100000000000010
4
00000111110100000000000010000010
0
00001111101010001000000000100100
0
01001111011010010010000000000000
4
11001011011010000100000001001000
1
11010011111001000000000010010100
0
00000000001101010000000000000000
0
00001111001010100100000000000100
0
00001111011010000000000010000000
3
01001111001010001000000000101100
0
01001011111010000010000000000000
3
00001011011001010000000001000100
0
00001111011000100100000000011100
0
00001111101000001000000010000101
0
00001111011000010011000000101000
0
00001111101000001101000001000100
0
00001111011000010011000010010001
4
10001111001000001101000001101101
2
10100111111000000011000010010001
4
00100101100100001001000001100101
2
00001101110010000010100000010001
0
00001111000010011001010001000000
0
00001111000010000111010000011001
1
00011111100010000001010011000101
2
00111110010010010001010000110001
1
00101100000010001101001000001001
2
00001101100010000110100100000001
1
00011111000010010101010001001100
0
00011110110010010001010010010000
1
00001110100010001101001000100000
0
00001111000010010011000110001000
0
00001111100010000101000001100000
0
00001111000010010001000010010001
0
10001111000010000101000000100101
2
10100111010010000001000010000001
4
00100101000010001001000000101101
2
00001101110010000010100000000001
0
00001111000010011001010001001000
0
01001111100010000111010000010000
1
01011011000010010001010011001100
3
00011010110001000101010000110000
1
00001110010000110001001010000000
2
10001111000000001101000100100110
2
11000111011000000011000010001000
1
11010011110100000001000001100100
3
10010010110010000001000000010100
0
00000000001101010000000000000000
0
00001111001010100100000000000111
2
00101111011010000001000010001010
3
01101101101010001001000000100010
4
11101001001010010010100000000110
3
10100001011001000100010001000011
1
10110101010100100101010000010010
3
11110100001010001100110000000001
2
11010000000110000111101000000000
4
01010010000101000111010100000000
1
01001010000010100011001010000100
3
00000000001101010000000000000000
0
00001111001010100100000000000000
3
01001111001010000000000010000100
4
11001011011010000000000000101010
3
10000011111001000000000000000010
4
00000111110100100000000000001110
0
00001111101010001000000000001100
0
00001111011010010010000000001000
3
00101111101010001100000001000100
0
00101101011010010110000000011000
2
00001101101010011100000001000001
3
01001111101010010111000000010000
0
00000000001101010000000000000000
0
00001111001010100100000000000000
3
01001111001010000000000010001000
0
01001011101010000000000000100000
4
11001011001001010000000000000100
3
10000011011000100100000000000000
4
00000111010100000000000010000110
3
01001111001010001000000000100101
2
01101011011010000011000000001000
3
00101001111001000001000001000000
4
10101101011000110000100000010100
2
10000101001000001100010000000101
4
00000111010100000111010000000000
1
00011111000010001001010011000000
2
00111110000010000011010000110100
1
00101100010010000011001000000000
0
01101101000010001010100100000000
2
01111001000010001000010001000000
3
00111000000001000010010000010000
1
10111100000000100010001000001100
1
10100100110000000010000100000010
0
10100101101000001010000000001101
4
00100101110100001001000001001000
2
00001101110010000010100000011100
0
00001111000010011000010001001100
0
00001111110010000110010000010001
0
00001111000010011001010011001000
3
01001111100010000111010000110100
1
01011011010010010001010011000010
3
00011010011001000101010000111100
2
00111110111000100001001010000100
1
00101100001000011001000100100101
4
10101101011000000110100000000001
2
10000101001000001101010001001100
4
00000111110100000111010000010000
0
00001111100010001001010011000100
0
00001111010010010011010000110001
0
00001111000010001101010001001001
0
00001111100010000011010010010001
2
00101111000010010001010001100101
0
00000000001101010000000000000000
0
00001111001010100100000000000000
3
10001111001010000000000010000000
3
11000111001010000000000000101000
4
01000011100110000000000000000000
0
01001011100101000000000000000010
4
11001011001010110000000000000000
3
11010011001001000100000000000110
2
11110010010100100000000010000010
1
11100000011010000000000000100100
3
10100001010101000000000000000100
4
10000101010010100000000000000100
0
10000111000010001000000000000100
4
00000111010010000010000000000000
2
00001111000010001000000001000000
0
00101111000010000010000000010001
0
00101101000010000001000001000000
1
00111101000010000000100000011010
2
00011100101010000000010000000001
3
01011110001010010001001000001100
1
11011010111010000101000100000000
2
11110010111001000001000010000010
4
01110000110100100001000000100010
2
01011000111010000000100000000000
3
00011010011001010000010000000100
4
10011110011000100100001000000110
1
10010110001000001000000110001110
1
10000110110100000010000000100010
4
00000111101010001010000000000000
3
00011111101010001000000001000100
3
01011110011010010010000000011001
1
01001010111010000111000000000100
3
00001011011001010011000010000100
4
10001111011000100101000001100100
2
10100111001000001001000010010101
4
00100101010100000011000000100001
2
00111101000010001000100001000101
3
00111100010010000011010000010010
4
10111100001010001010101000000000
2
11110100001010001010010100001100
0
00000000001101010000000000000000
0
00001111001010100100000000000010
3
01001111001010000000000010000111
4
11001011011010000001000000101010
2
11100011111001000001000000000110
1
11110001110100100001000000000110
4
01110000111010000000100000001100
3
00111000111001000000010000001100
2
00011100011000110000001000001100
1
00001110101000001100000100000100
0
00001111011000010010000010001000
0
00001111101000001100000001100000
4
00011111001000010010000010010101
3
00111110011000000111000000101000
1
01111100101000001111000000000000
2
01011000001000011110100000000110
1
01001010011000011110010000001010
4
11001011111000011010010010000110
3
11000011111000001100010001101110
4
11100011110100000010010010011110
1
11110001111010000000010001101100
3
10110000110101000000010000011100
4
00110100110010100000001000001101
1
00101100100010001001000100001100
2
00001101010010010010100000001000
0
00001111100010001100010001000000
0
00001111000010010010010010010100
0
00001111010010000100010001100000
0
00001111000010001000010010010000
0
00101111000010000010010000101000
1
00111101100010000000010001000001
0
00111100000010010001010000011110
2
00011100111010000100101000000001
3
01011110001010011101010100001000
1
01001010101010010011001010000000
3
00001011101001000111000100100000
4
00011111001000110001000011001000
0
00011110101000000101000000110100
4
00111110011000010001000010000000
0
00111100001000001101000000100000
0
00000000001101010000000000000000
0
00001111001010100100000000000101
2
00011111011010000001000010000000
2
00111110001010001001000000100100
1
00111100011010000011000000000001
3
10111100001010001010100000000101
3
11110100011010001011010000001010
1
11100000110110001010101000000110
4
01100001111101001010010100000100
2
01001001111010101000010001000100
3
00001011011001010010010000011100
0
00001111111000100100010001000100
4
10001111001000011000010010011100
0
10010111111000000110010000100000
4
10110110100100001010010010000010
3
11110100101010001010001000101000
1
11100000100110001010000100001000
4
10100001100101001010000000001000
4
10110101100010101000000001001001
4
00110100100010000011000000011010
1
00101100101010000010100000001000
2
10101101001010010010010000001000
3
11100101101010000100010001000100
2
11000001110110000100010000010000
3
10000011110101000100010000000000
4
00000111110010100000010010000000
0
00011111100010001000010000101000
3
01011110000010010010010000001100
1
01001010110010000110001000000000
3
11001011010001010010000110001000
3
10000011110000100100000001100100
4
00000111110000000000000010010100
0
00001111100000001000000000100100
0
00001111010000010010000000000000
0
00001111000000001100000001001101
2
00101111110000000011000010010000
0
00101101000000011001000001100000
2
00001101000000000110100000011100
0
00001111110000000100010001000000
1
00011111000000011000010010010110
0
00000000001101010000000000000000
0
00001111001010100100000000000000
3
00101111001010000000000010000100
0
00111101011010000000000000100000
3
01111100001010001000000000000010
1
01101000001010000010000000000110
3
00101001011001000010000000000010
4
10101101011000100000000001000010
0
10100101001000001000000000010010
3
10110101000100000010000000000010
3
11110100001010000010000000000000
1
11100000000110000010000000001010
4
01100001101101000010000000000100
2
01001001111010100000000001000001
3
00001011011001010001000000011000
0
00011111111000100101000000000000
4
10011110001000011001000010000100
1
10000110011000000111000000101000
2
10100111100100001011000010000001
4
00100101100010001001000001101111
2
00001101111010000010100000011001
1
00001111001010011001010001001000
3
01001111101010000111010000010100
1
01011011011010010001010011000010
3
00011010011001000101010000110010
4
10011110011000100001001010000010
1
10000110001000001001000100100110
2
10100111010100000011000000001010
4
00100101101010001001000001000000
3
01101101101010000010100000010000
4
01001001001010010000010001000100
3
00001011011001000100010000010000
4
10001111011000100000010010000000
0
10010111001000001000010000100000
4
00010110000100000010010000001000
1
00001110100010000010001000000000
0
10001111000010010010000100001110
2
10100111111010000100000001000000
4
00100101100110001100000000010000
2
00111101100110000110000000000000
0
00000000001101010000000000000000
0
00001111001010100100000000000000
3
01001111001010000000000010000000
2
01101011001010000000000000100000
3
00101001001001000000000000000000
4
10101101001000100000000000000100
0
10100101011000000000000000001010
4
00100101100100001000000000000010
3
01101101101010000010000000000001
4
01111001001010010001000001000100
2
00111000011001000100100000010000
2
00011100011000100100010000000100
1
00001110001000001100001000000100
4
00001111011000000010000110001000
2
00101111101000001000000001100100
4
10101101011000010010000000011000
2
10000101101000001100000001000000
4
00000111100100000110000000010100
0
00011111110010000000000011000000
3
00011110000010011000000000110100
1
00001110010010000110000000000000
2
00101111000010001010000010000010
3
01101101001010001000000001100001
4
11101001001010000011000000010100
3
10100001011001000000100001001000
4
00100101110100100000010000010100
0
00101101100010001000010000000100
2
00001101010010010010010000000000
0
00001111000010001100010001000101
0
00001111010010000011010010010000
0
10001111000010001001010001100110
3
11000111011010000011010000010000
1
11010011010110000001010001000100
3
10010010010101000001010000010100
2
00010110010010100001001000000100
1
00001110000010001001000100001100
2
00101111110010000011000000000000
0
01101101000010011001000001001000
4
11101001100010000110100000010001
2
11000001100001000101010001001100
0
00000000001101010000000000000000
0
00001111001010100100000000000100
2
00101111011010000000000010000000
3
00111101001010001000000000100100
3
01111100011010000010000000001000
1
11111000111010000010000000000000
1
11100000111001000010000000001100
3
01100001110100100010000000001100
2
01001001110010000000000001001100
3
00001011010001010000000000011100
0
00011111110000100100000000000100
3
10011110000000011000000010000100
1
10000110010000000110000000100000
4
11000111000000001010000010000110
2
11100011011000001000000001100000
3
10100001010100000010000000010100
4
00100101010010000000000001000100
0
00101101000010001000000000010100
0
00101101010010000010000000001000
2
00001101100010001000000001000000
0
00001111000010010010000000011000
0
00001111100010000100000001000000
0
00001111000010010000000010011110
0
00001111111010000100000000100000
3
10001111001010011000000010001010
3
11000111101010000110000000100010
4
01000011100110000000000011000010
0
01001011101101000000000000111000
0
11001011001010110000000000001000
3
10000011101001000100000000000000
4
10000111100100100000000010001000
4
10010111100010000000000000101000
4
00010110100010000000000000001100
0
00011110110010000000000000001000
1
00111110000010011000000000001100
1
00101100110010000110000000000010
2
00101101001010011110000000000100
2
00111101011010011100000001000011
3
01111100011010010111000000010010
0
01111000011010010110100000001110
0
00000000001101010000000000000000
0
00001111001010100100000000000010
3
01001111001010000000000010000010
4
01001011001010000000000000101010
3
00001011101001000000000000000010
4
10001111001000110000000000001010
0
10000111101000000100000000000110
4
00000111110100000000000010000010
3
01001111101010001000000000101000
0
01001011001010010010000000001001
3
00001011101001000101000001000000
0
00001111001000110001000010010000
4
00011111001000000101000000100000
2
00111110001000000001000010000000
4
10111100001000000001000000100000
0
10110100001000000000100000001000
4
00110100100100000000010000000000
0
00111100100010000000001000001100
2
01111100010010010000000100001000
2
01011000110010000100000000000000
3
00011010010001010100000000001100
1
00001110110000110000000010000101
0
00101111100000001101000000101100
4
10101101010000010111000000001001
2
10000101100000011100100001000001
4
00000111100000010111010000010000
1
00101111100000010001010011000011
1
00111101101000000101010000111101
2
00011100011000010100110000001001
1
00001110101000011101101000000000
0
00001111101000010011010110001100
1
01001111111000000101010001101000
1
01011011011000010001010010011100
3
00011010111000000101010000100100
4
00111110011000010001001010001100
4
10111100101000001101000100100100
1
10100100111000000110100000001001
2
10000101100100001111010000001100
0
10010111110010001101010001001000
0
10010110110010000011010010011010
0
00000000001101010000000000000000
0
00001111001010100100000000001000
3
01001111101010000000000010000100
0
11001011011010010000000000101000
3
10000011111001000100000000000100
4
00000111110100100000000010001100
0
01001111100010001000000000101100
0
01001011010010010010000000001010
3
00001011111001000100000001000000
0
00001111011000110000000010011000
0
00101111101000001100000000100000
4
01101101001000010110000000000010
2
01001001001000010100000001000010
4
11001011001000010100000000010011
2
11100011001000010001000010000010
1
11110001000100000101000000101010
2
11010000101010000100100000000100
4
01010010110101000100010000001000
3
00011010110010100000001010001100
1
00001110010010010000000100101100
0
01001111100010001100000000000101
0
01001011010010010011000010000000
3
01011011010001000101000001100000
3
00011010010000100001000010011100
2
00111110110000000001000000100100
1
00101100000000011001000000000100
2
00101101010000000110100000000000
2
00001101000000001100010001000001
0
00001111000000000111010000010100
1
00011111010000000001010011000000
2
10011110000000001001010000110000
1
10000110000000000011001000001001
2
10000111100000000011000100000001
2
10100111100000000001000001001111
0
10100101111000000001000000011001
4
00100101100100001000100000001101
2
00001101110010000011010000001010
0
00001111001010011001010001001000
3
01001111101010000111010000010100
4
11001011011010010001010011000000
0
00000000001101010000000000000000
0
00001111001010100100000000000100
0
00001111011010000000000010000000
3
01001111001010001000000000100000
2
01101011001010000010000000000000
3
00101001001001000000000001000100
0
00101101011000100000000000011000
2
00001101101000001000000000000000
0
00001111001000010010000000000000
4
10001111001000000100000001000010
2
10100111001000000000000010010010
3
10100101000100000000000000100110
4
00100101011010000000000000000000
3
00001101001010001000000000000000
3
01001111001010000010000000000100
2
01101011011010000000000001001001
3
00101001111001000001000000010100
4
10101101011000110000100000001100
2
11100101101000001100010000000100
2
11000001110100000110010000000000
4
01000011110010000100010001001100
3
00001011110001000000010010011100
0
00001111010000110000010000101100
0
00011111100000001100010000000101
3
01011110010000010011010010000000
1
01001010010000000111001000100001
3
01101011010000000011000110000101
1
01111001010000000001000001101101
3
00111000110000000000100000010101
4
00011100010000010001010000001110
1
00001110101000001101001000000100
2
00101111011000010011000110000000
4
00101101001000001101000001100000
4
10101101001000000110100000010000
2
10000101001000000100010001001100
4
00000111110100000100010000010000
0
00001111100010001000010010001100
0
00001111010010010010010000101010
3
01001111101010001100010001000000
1
01011011001010010010010010010100
0
00000000001101010000000000000000
0
00001111001010100100000000000001
3
01001111001010000001000010000100
2
01101011011010000001000000100000
3
00101001011001000001000000000100
2
00001101011000100000100000000100
4
00001111001000001000010000000110
4
10001111011000000010010000000011
3
10100111001000001001010001000010
3
11100101000100000011010000011010
1
11100001101010000000110001000100
1
10100001110101000000110000010010
1
10110101111010100000110000000100
3
11110100100110001000110000000110
4
11100000111110000010101000001000
4
01100001111101000010010100001000
2
01001001111010100000010001001000
3
00001011011001010000010000011001
1
00011111111000100101010000000000
4
10011110001000011001010010001100
1
10000110111000000111001000100000
2
10100111100100001011000110000100
4
00100101110010001001000001100000
2
00001101110010000010100000010000
0
00001111000010011000010001001000
0
00001111100010000110010000010100
0
01001111010010010000010011000000
1
01011011010010000100010000110001
3
00011010010001000001010010000100
2
00011110010000100001001000101100
1
10011110100000001001000100000110
1
10000110111000000011000000000001
2
10100111100100001011000000001101
4
00100101110010001001000001001001
2
00001101110010000010100000011001
0
00001111000010011001010001001000
0
00001111100010000111010000010001
1
00101111000010010001010011000011
3
01101101001010000101010000111101
0
01101001111010000100110000000011
0
00000000001101010000000000000000
0
00001111001010100100000000001100
0
00011111111010000000000010000000
3
01011110001010011000000000100000
1
01001010001010000110000000000000
3
01101011001001000010000010000000
3
00101001001000100000000001100100
4
10101101011000000000000000010010
0
10100101001000001000000000000010
3
11100101000100000010000000001110
4
01100001111010000000000001000000
3
00101001111001000000000000010000
2
00001101011000110000000000000100
4
10001111001000001100000000001100
2
10100111111000000010000010000001
4
00100101100100001001000001100000
2
00001101100010000010100000011000
1
00011111000010010000010001001000
0
00011110100010000100010000010010
3
01011110001010010000001010001100
1
01001010111010000100000100100001
3
00001011011001010001000010001100
0
00001111111000100101000000100100
2
00101111001000011001000010000100
4
10101101011000000111000000101001
2
10100101101000001100100001000001
2
10000101100100000111010000010100
4
00000111110010000101010001001000
0
00001111100010001001010010011000
0
01001111000010010011010000101010
1
01011011101010000101010001000000
3
00011010001001010001010010010000
4
10011110001000100101001000100000
2
10110110001000000001000110000001
4
00110100000100000001000000101111
0
00111100111010000000100000000001
3
01111100001010011001010000000000
4
11111000001010000110101000000010
1
11100000001001000110010100001110
3
10100001110100100110010000000010
0
00000000001101010000000000000000
0
00001111001010100100000000000110
0
00001111011010000000000010001010
3
01001111101010001000000000100110
4
11001011011010010010000000000010
3
10000011011001000100000001001010
4
00000111110100100000000010010110
3
01001111101010001000000000100100
0
01001011011010010010000000000000
3
11001011011001000100000001000000
3
10000011011000100000000010011100
4
00000111110100000000000000100100
0
00001111100010001000000000000100
0
00001111010010010010000000000001
3
01001111000010001101000001000100
2
01101011010010000011000010010000
3
00101001010001000001000001100000
0
00101101010000100000100000010100
0
00101101000000001000010000001100
2
00001101110000000010010000000001
0
00001111000000011001010001000000
0
01001111000000000111010000010000
1
01011011000000000001010011000000
2
01111010000000000001010000111000
3
00111000100000000001001000000000
2
00011100000000010000100100000000
0
00001110000000000100010000000111
4
10001111011000000001010010000000
0
10000111001000001001010000100100
4
00000111010100000011010000000010
3
00011111001010001001010001000000
2
00111110001010000011010000010100
1
01111100011010000011001000001001
0
01111000111010000010100100000001
4
11111000011001010011010000000010
1
11100000011000100110101000001010
3
01100001110100000110010100000011
2
01001001111010000101010001000000
0
01001011011001010101010000010100
0
01011011011000110001010010001100
0
00000000001101010000000000000000
0
00001111001010100100000000000100
0
00001111011010000000000010000000
3
01001111001010001000000000101100
0
11001011111010000010000000000000
3
10000011111001000000000001000110
4
00000111110100100000000000010110
3
01001111101010001000000000000100
0
01011011011010010010000000000000
3
00011010011001000110000000000000
1
00001110011000100010000010001010
0
00001111101000001010000000100010
4
10001111001000011000000001000010
0
10000111001000000110000000010110
4
00000111010100000000000011001010
3
01001111101010001000000000110100
4
11001011011010010010000000001000
3
10000011111001000100000001000100
4
00000111110100100000000010010100
0
00001111100010001000000000100101
0
00001111010010010011000000000000
0
00101111000010001101000001001000
4
10101101100010000111000000010100
2
10000101110010000100100001001000
4
00000111100010001100010000011000
0
00001111100010000010010010001100
0
00001111010010010000010001101000
0
00001111100010001100010000010100
0
00001111010010010010010010000000
0
00001111000010001100010001100000
0
00001111000010000010010010010000
1
00011111000010000000010001100010
3
01011110001010000000010000010001
2
01111010001010000001001000000000
4
11111000001001000001000100001000
3
10110000101000100000100000000000
4
00110100100100000000010000000000
1
00101100100010000000001000001000
3
01101101000010010000000100001001
1
01111001100010000101000000000000
0
00000000001101010000000000000000
0
00001111001010100100000000000100
2
00101111011010000000000010001000
3
10101101101010001000000000100100
3
11100101111010000010000000001000
4
11100001110110000000000001001000
4
01100001110101000000000000011100
2
01001001110010100000000000001100
3
00001011010001010000000000001100
0
00001111110000100100000000000100
0
00001111000000011000000010000100
0
00001111010000000110000000100000
2
00101111000000001000000011000000
0
00101101000000000010000000110001
0
00001101000000000001000001000100
0
00001111010000000001000000010000
2
00101111000000001001000000000100
0
00101101010000000011000000000000
0
00101101000000001000100001000000
0
10101101000000000010010000010000
1
10110101000000000000010001000100
4
00110100010000000000010000010010
1
00101100001000001000001000001000
0
00101101101000000010000100000000
2
10101101001000010000000001001100
2
10000101111000000100000000010010
4
00000111100100001100000000001010
3
01001111101010000010000010001000
0
01001011001010010000000001101100
3
00001011111001000100000000010000
4
10001111011000110000000010000010
0
10000111001000001100000000100010
3
11000111000100000010000010000010
2
01000011001010000000000001100000
3
00001011001001000000000000010111
4
10001111011000100001000000000010
2
10100111001000001001000000000010
4
00100101000100000011000000000011
2
00001101001010000000100001000001
0
10001111001010000001010000011000
0
00000000001101010000000000000000
0
00001111001010100100000000000100
2
00101111011010000000000010001000
3
00101101101010001000000000100100
2
00001101011010010010000000000000
3
00011111001010001100000001001000
3
01011110101010000010000010010100
1
01001010011010010010000000100000
3
00001011011001000110000000001000
2
00101111111000100000000011000000
0
00101101001000011000000000110100
2
00111101011000000110000000000000
4
10111100001000001110000000000010
1
10100100001000001110000000001110
3
11100101110100001110000000000010
2
11110001111010001100000001000000
2
11010000110101000110000000010100
4
01010010110010100110000000000111
1
01011010111001000011000010000100
1
00011010011000110011000000100100
1
00001110011000000111000000000100
4
10001111001000001011000010001100
2
10100111111000001001000001100000
4
00100101110100000011000000010001
0
00101101100010001000100001000001
2
00001101000010010011010000011100
1
00011111110010000101010001000000
3
01011110000010011001010010011001
1
01001010100010000111001000100101
3
00001011010001010011000110000001
2
00001111010000100101000001100001
2
00101111000000001001000010010101
0
00111101010000000011000000100001
2
00011100000000001010100000000101
1
00001110010000001011010000000000
0
00001111010000001011010000000100
0
00001111010000001001010001001101
2
01001111110000000011010000010101
1
01011011010000010001010001001101
2
01111010110000000101010000010101
0
00000000001101010000000000000000
0
00001111001010100100000000000010
3
01001111001010000000000010000010
4
11001011001010000000000000100010
2
11010011001001000000000000001010
4
01010010100100100000000000000010
1
01001010101010000000000000000000
3
00001011001001010000000000000000
4
10001111001000100100000000001000
2
10100111101000000000000010000000
4
00100101100100000000000000100100
2
00001101110010000000000000000011
3
01001111001010011001000000000000
4
01101011001010000111000000000000
4
11101001001001000101000001001000
2
11000001101000100100100000010001
4
01000011100100000101010000001100
1
01011011110010000001010010001000
3
00011010010001010001010000101100
1
00001110110000100101001000000100
2
00101111000000011001000110000100
4
01101101010000000111000000101000
2
01001001110000000100100001000000
3
01011011010000010100010000011001
3
00011010110000010001010010000000
1
00001110110000000101001000100000
2
00101111000000011001000110000100
4
01101101010000000111000000100010
2
01001001011000000100100001000100
3
11001011011000000100010000010100
3
10000011011000000000010010000110
4
00000111010100000000010000100110
0
00001111001010001000010000000100
0
00001111011010000010010000001000
3
00011111101010001000010001000101
3
01011110011010010011010000010000
1
01001010011010000111001000001110
3
00001011111001000011000110000111
2
00101111011000110001000001101111
3
01101101101000001101000000010111
0
00000000001101010000000000000000
0
00001111001010100100000000000000
3
01001111001010000000000010000100
2
01101011011010000000000000100000
3
00101001011001000000000000000100
2
00001101011000100000000000000101
4
10001111001000001001000000000100
2
10100111011000000011000000000001
4
00100101000100001001000001000001
2
00001101000010000010100000010101
1
01001111010010000001010001001000
1
01011011110010000001010000010100
3
00011010010001010001010000000110
1
00001110011000100101001000000101
2
00101111001000001001000110001111
4
10101101111000000011000000100011
1
10110101101000001000100001000011
3
11110100100100000011010000010010
2
11010000101010000010101000000100
4
01010010110101000010010100001000
1
01001010110010100010001000001010
3
00001011011001010010000100001101
0
00001111111000100101000001000100
2
00101111001000011001000010011100
4
10101101111000000111000000100000
2
10000101101000001100100001000110
4
00000111110100000110010000010010
3
01001111101010001000010011000100
4
11001011011010010010010000110000
3
10000011011001000100010001001100
4
10100111110100100000010010010100
4
11100101100010001000010000101100
4
01100001110010000010010000001000
3
00101001110001000000010001001100
2
00101101010000110000010000011100
2
00001101100000001100010000000101
0
00001111010000010111010000000000
0
00001111000000011001010011001000
3
01001111100000000111010000110100
2
11001011010000010001010011000000
0
00000000001101010000000000000000
0
00001111001010100100000000000100
0
00001111011010000000000010000001
3
01001111001010001001000000100100
2
01001011011010000011000000000000
3
00001011011001000001000001001100
2
00101111111000100001000000010100
4
10101101001000011001000000000110
2
11100101011000000110100000000010
1
11110001010100000100010001000011
0
11110000011010000101010000010100
3
10110000010101000100101000000100
2
10110100010010100100010100000100
1
10100100000010001100001000000100
2
10000101010010000110000100000000
4
00000111000010001100000001000100
2
00101111010010000010000010010000
0
00101101000010001000000001100101
0
00101101010010000011000000011010
3
01101101101010001000100001000000
2
01001001001010010010010000010000
4
01011011001001000100010001000000
3
01011010001000100000010010010000
3
00011010001000000000001000101010
1
10011110101000000000000100000110
1
10000110111000000000000000000010
4
00000111100100001000000000001011
3
00011111101010000011000000001000
3
01011110001010010011000000001000
1
01001010101010000111000000000100
3
00001011011001010011000010001001
0
00001111111000100101000001100001
2
00101111001000011001000010010011
4
10101101001000000111000000100111
1
10110101011000000100100001000011
3
10010100000100001101010000011010
4
00010110101010000111001000000100
3
01011110111010000011000110000000
0
01011010011010010011000000100100
3
00011010011001000111000000001100
0
00000000001101010000000000000000
0
00001111001010100100000000000000
3
01001111001010000000000010001000
0
01001011101010000000000000100000
3
00001011001001010000000000000100
4
10001111011000100100000000000001
2
10100111001000001001000010000100
4
00100101010100000011000000100001
1
00111101000010001000100001000101
3
01111100010010000011010000011000
1
01101000110010000010101000000100
3
00101001010001010010010100001110
4
10101101111000100100010001000100
2
10000101101000001100010000010100
4
11000111110100000110010000001010
4
01000011111010000000010011001100
3
00001011111001000000010000111100
4
10001111011000110000010000001101
0
10000111101000001101010000000100
4
00000111110100000011010010001000
0
00001111100010001001010001101000
3
01001111000010010011010000011100
1
01011011110010000101010001000000
3
00011010010001010001010010011100
1
00001110110000100101001000100100
2
00101111000000011001000110000100
4
10101101010000000111000000100000
2
10000101000000001100100001000100
4
11000111010000000110010000011000
4
01000011110000000000010011000000
3
01101011110000000000010000110100
3
00101001010000010000010000000101
2
00101101010000000101010000000100
2
00111101000000001100110000000101
3
01111100010000000111110000000010
4
11111000011000000111101000000000
0
11110000011000000111010100000001
0
11110000010100000110101000000001
0
10110000010010000111010100000010
4
00110100011010000110101000000000
0
00000000001101010000000000000000
0
00001111001010100100000000000100
0
00001111011010000000000010000000
3
10001111001010001000000000100000
3
11000111001010000010000000000000
4
01000011000110000000000001000000
2
01101011000101000000000000011000
0
01101001100010100000000000000100
3
00101001010001010000000000000000
2
00001101010000100100000000000000
0
00001111000000001100000000001100
0
00001111110000000010000010000001
0
00001111000000011001000001100000
0
00001111000000000111000000010100
2
00101111010000000001000011000011
4
10101101001000001001000000110101
2
10000101011000000010100000001001
4
10000111100100001001010001000000
4
10010111100010000011010000011001
2
10110110100010000011010000001001
4
00110100100010000011001000001001
3
01111100100010000010100100001101
2
01011000010010010011010000001000
1
01001010110001000111001000000000
3
00001011010000110011000110000101
0
00001111010000000101000001100111
2
00101111001000001001000010010101
4
10101101011000000011000000101001
2
