-249.06
-374.49
-358.12
-555.31
-222.79
-232.81
-122.03
-199.22
-319.25
-810.79
-309.89
-151.31
-426.08
-854.59
-264.67
-470.64
-122.57
-452.98
-553.33
-194.66
-289.78
-220.78
-544.09
-326.53
-82.72
-539.63
-495.25
-74.58
-764.82
-321.31
-383.53
-604.57
-150.75
-267.25
-484.75
-463.29
-129.46
-278.42
-300.9
-174.94
-583.11
-237.97
-594.13
-153.21
-147.36
-390.27
-105.33
-546.68
-122.56
-756.09
-121.89
-205.94
-539.2
-133.92
-483.35
-71.03
-350.64
-166.05
-581.12
-627.69
-725.94
-217.48
-198.57
-208.45
-223.43
-114.38
-108.05
-423.05
-770.18
-203.29
-150.81
-201.5
-378.32
-385.52
-252.52
-436.16
-465.41
-706.39
-220.45
-338.21
-396.27
-285.54
-608.73
-168.85
-240.22
-195.53
-392.97
-776.55
-287.34
-183.15
-134.87
-215.05
-156.63
-77.35
-832.06
-150.07
-620.05
-741.89
-338.5
-451.69
