304
336.5
328.5
351.5
362.75
313.5
362.75
352.25
288.75
363.5
338.75
360.25
351.25
335
351.5
313.25
365.25
344.75
363.75
344.75
349
306.5
345.5
333.25
344.5
295
329.25
340
358.75
333.25
348.25
339.25
352.5
345.25
331.25
323.5
347.75
359
359.25
343
348.5
332.25
309.25
325.25
353.75
358
333.5
364.25
359.75
340.25
359.75
340.75
352.5
296.75
360.5
377.25
373.5
367.5
353.75
335.5
343.75
362.75
296.25
363.75
318.5
368.25
298.5
323.5
267
260.25
356.25
343
369.75
352.5
345
336.5
342.75
342.5
303.25
349.25
365.5
369.5
279
333.75
363
340
307.5
312.25
344
318.75
317
348
356.25
371.75
365.25
365.5
334.75
343.5
334
274.25
