-54.5
-90.75
-131.5
-47
-77.5
-96
-73
-48.25
-36.5
-77.25
-96.25
-53.75
-117.25
-38.25
-85.75
-130.75
-115
-65.25
-110
-42
-52.5
-92
-76
-60.5
-94.5
-51.75
-80
-86.75
-38
-58.25
-35.5
-21.75
-51.5
-92
-34.5
-87.5
-47.25
-124.5
-78.5
-112
-83.75
-84
-135.5
-95.75
-81.75
-75.5
-97.5
-74.5
-95.75
-61
-76.5
-43.5
-44.5
-79.5
-52.5
-96.5
-40.25
-66.25
-73.75
-57.75
-92.75
-59.25
-92.25
-113.5
-78.75
-91
-120.75
-85.75
-93.5
-96
-88.75
-37.5
-71.25
-100.5
-66.75
-28.5
-90
-50.25
-55.75
-127.75
-115.75
-73.5
-85.75
-120
-55.75
-90.25
-70
-90.75
-155.5
-90.75
-64.75
-109.5
-120.25
-78.25
-66.5
-122.25
-117
-67.5
-57
-74.5
