-143.5
-185.5
-224
-142
-197
-149.25
-148.25
-203
-118.75
-121.5
-173.75
-99
-164.25
-118.5
-187
-169
-150
-140
-221.75
-205.75
-211.5
-100.75
-152.5
-159
-254.5
-165
-91.75
-155
-133
-222.75
-106.5
-147.75
-191.25
-158
-306.75
-219
-127
-213.75
-226.25
-130.75
-194
-20.75
-172.5
-142
-235
-175.75
-149
-131.25
-171
-164.25
-145
-147.75
-110
-145.75
-116
-114.5
-174.5
-186.25
-184.5
-222.5
-94
-180.25
-183
-183.75
-145.25
-137.25
-197.5
-148.5
-140
-113.25
-157.25
-220.75
-113
-143
-132
-118.75
-212
-145
-117
-218.5
-112.25
-134.75
-154
-99
-162
-157
-177.25
-144
-216.5
-207.25
-256.5
-179.5
-164.75
-154.25
-145.25
-213.75
-224.75
-270
-227
-161.5
