348
354.75
351
351.75
336.25
353.5
326.5
329.75
328.5
351.5
308
332.75
348.75
374
335.5
324.75
331.5
339.25
345
371
351.75
335
349
297
352
328.25
358
352
346
355.25
347.5
329.25
346
332.5
337.75
355
347
343.5
359.75
321.5
296.25
342.5
347.5
345
343
324.75
334
322.75
324
333.75
336.25
322.25
347.5
332.5
353
354.5
358.5
247.75
350.25
337.75
362.25
335
336.5
349.5
342.75
358.75
372.75
359.75
354.5
355.5
346.25
362.75
355
335.75
336
356
324.75
354.5
312
317.25
329
315.25
356.5
345.25
309.5
358
337
315
347.5
353.25
311.25
354.5
321.5
361.5
293.75
352
326.25
358
350.5
343.25
