-198
-177
-169
-147
-164
-94
-157
-155
-180
-153
-196
-172
-173
-175
-183
-108
-186
-164
-189
-173
-188
-183
-123
-177
-140
-145
-130
-182
-179
-148
-201
-207
-129
-158.25
-179
-74
-107
-123
-189
-179
-138
-124
-149
-161
-148
-164
-128
-157
-186.5
-155
-177
-169
-173
-181
-151
-125
-201
-166
-144
-174.25
-121
-177
-132
-164
-110
-196
-209
-141
-172
-144
-155
-159
-210
-206
-101
-153
-153
-166
-199
-158
-154
-191
-172
-171
-127
-149
-185
-150
-104
-201
-137
-149
-172
-133
-172
-169
-157
-150
-188
-196
