600.75
591.75
609.75
647.75
669.75
690.75
560.75
784.75
584.75
795.75
579.75
734.75
604.75
534.75
674.75
729.75
557.75
679.75
670.75
525.75
529.75
599.75
543.75
628.75
589.75
496.75
604.75
687.75
757.75
541.75
640.75
487.75
600.75
538.75
716.75
523.75
514.75
528.75
623.75
547.75
616.75
600.75
636.75
616.75
674.75
654.75
638.75
748.75
625.75
707.75
585.75
521.75
629.75
549.75
595.75
640.75
586.75
486.75
632.75
657.5
624.75
506.75
627.75
525.75
574.5
516.75
665.75
660.75
662.75
539.75
528.75
519.75
431.75
545.75
608.75
656.75
544.75
806.75
634.75
731.75
588.75
553.75
589.75
584.75
510.75
666.75
584.75
587.75
538.75
541.75
702.75
747.75
685.75
603.75
588.75
602.75
694.75
603.75
706.75
561.75
