-834.56
-966.77
-1173.07
-1182.78
-1027.41
-902.38
-882.75
-1130.19
-1092.53
-1266.84
-1278.1
-987.14
-1078.99
-971.89
-1120.3
-628.54
-890.12
-1137.56
-992.38
-1047.74
-1167.48
-1242.63
-1236.49
-1292.02
-1062.46
-1159.17
-952.25
-739.63
-1181.66
-1124.98
-1049.57
-1116.12
-1273.14
-1210.81
-1048.31
-1215.1
-905.91
-1062.02
-945.63
-1197.83
-647.19
-710.3
-924.03
-968.75
-916.59
-1059.64
-761.41
-1202.78
-794.71
-891.41
-1256.66
-1043.76
-1037.61
-908.67
-960.42
-1164.12
-1035.95
-1086.17
-767.66
-934.57
-783.7
-790.79
-1070.09
-1038.4
-736.69
-853.18
-1338.07
-1296.96
-1124.42
-1103.58
-1281.97
-1045.77
-1178.61
-1253.02
-711.67
-994.05
-1105.69
-1289.41
-950.77
-808.11
-1060.43
-1268.88
-1016.65
-1116.07
-1241.27
-1074.77
-1038.46
-750.8
-1156.14
-1182.92
-1158.17
-1122.3
-813.69
-900.73
-1194.13
-1037.26
-1343.97
-1150.15
-1155.48
-1128.67
