11111101111111111111
14
11111111101111011111
11
11111111101111011111
11
11111111101111011111
11
11111111101111011111
11
11111111101110011111
6
01111111101111011111
11
00111110111111011111
13
00111110111111111101
19
00111110111111111001
3
11111011111111011011
15
11011011111111011010
15
11011010111111011010
13
11010011111111011010
15
01010011111111011010
15
01010011111111011010
15
11010011011111010111
15
11010010011011010110
15
11010000011011010101
15
11010000011011010001
16
11110000010101010001
15
10010000011101010000
15
10011000010101010000
15
00011000011001011000
8
00001000011001010000
15
00001000011001010100
15
01001000010010010100
15
01001000010010010000
15
00011000010010010000
15
00011000010010010100
15
00001010110010010100
15
10011000010010000100
5
10101000010011010100
15
00101000010010010100
15
00101000010010010000
15
10000000010011000000
5
00000000010001000001
15
00011010010001000011
15
00011010010000000011
15
00011100010000100010
3
00110100010000100010
3
00110100010010000010
5
00110100110010100010
3
00110100111010000000
5
00110000111010000010
5
00011000001010000010
5
00011000001010100110
5
00011000001010100010
5
11110111111111111111
16
01110111111111111111
16
01110110101111111111
13
01110100100101111001
3
11110101100101011001
2
11000101100101010001
11
11000101100100010101
6
11000101100100010101
6
01001100000101110101
8
11001100000001110100
11
01000100010000110100
8
01000100010000110101
8
01000100010000010110
8
11000100010100010100
8
11000101010010010110
6
01010110010011010110
13
01010110010010010101
2
01010110010010010110
18
01010110011010010110
18
11010110010010010010
3
11010110011011010000
3
00100110011111010000
3
00100110110110010100
19
00101110110110010110
17
00000110100110010110
13
00010110000110110110
13
00010110000110110110
13
00010110000010110100
11
00010110000010111000
3
00010110010010011000
3
00000100111010011000
3
00100100111010011000
3
10100100111010011100
17
00100000111110011100
15
00101000111110011100
15
00101000111010010100
15
00101000110010011100
15
00101000111010110100
9
10101000110010101100
0
01111111111111111111
20
01111111111111111111
20
01111111111111011111
6
01111111111011011111
9
01111111111011011111
9
01111111111011011111
9
01111101111001011111
8
01111101111001010101
2
01111101111001110101
2
01111101101001110110
11
01111101101001010110
11
01111101001100010110
12
00111101001110010111
11
00111101001100010111
8
00111101101100010111
8
00111100101100110111
8
00111110101100110111
13
00111110101100110011
3
00111100101100010011
3
00111000101000010011
8
00111000101000010001
8
00111000101000011001
8
01001000111000011001
8
01001010100000011001
8
01101000100000010001
8
11101000100100010101
15
01100000000100010101
15
00110000100000010101
15
00110000100000111100
15
01110000100000111100
15
11100000100000110100
15
01101000100000110000
15
01101000010000010010
17
11101000010000010000
15
10101000000001010000
11
10001000000001010100
15
10101000000000010100
15
00101000000010011100
1
00101000000010110100
0
11110111111111111111
16
11110111111111111111
16
11110101111111011110
14
11110100011111011110
12
10110100011011110110
13
00110100011010110110
16
00110100011010110010
3
01010000011010110011
16
01010000011010010011
16
01010000011011010001
16
01000000011010110000
15
00010001011010110000
2
01010001010010010000
2
01100001010011010000
15
00000001010001010000
15
00010001010011010000
2
10010001110011010000
2
10010001110011010000
2
10010001110011010000
2
10010001110011010000
2
00010001010011010000
2
00011100010010010000
3
11101100000010011000
3
01101100010110011010
3
01111100010110011000
3
01100110010110011000
12
00100110010110011000
3
00001100010110011000
3
00000100010111010000
3
00000100010110010001
3
00000101010110010000
3
00000101000110010100
11
00000101000010010000
11
00010100000110010010
3
01010100000110010010
12
01010101000110010011
12
00010101000110010010
11
00111101001110010010
6
00111101011010001010
0
11111111111111111110
1
01011111111111111110
18
01011111011111111010
3
11011111011111011010
12
01011111010111011010
12
01011111110111111010
3
01011111110111111010
3
01111111100111111010
3
01111111011111011010
12
01111111011111011010
12
01111101011111011010
3
00011100011111010011
13
00011100011111010011
13
10011100011111010011
13
10011101011111010011
3
10011101010111010011
10
10011101010111110011
3
10010100010110010011
3
10010101010110010110
18
10010110010010010110
18
00010110010010010110
18
00010110010010010110
18
00010000010000110110
15
00010000010000110110
15
00011010010000110000
15
00001010010000110000
8
00000000011000010000
15
00010000011000010000
15
00011000011000010010
15
00011000011000110100
15
00001010011000110100
15
00001000011000110100
15
00001000111010110000
15
00001010111010010000
15
00001100010010010000
3
10000100011010010000
16
11000000011010010110
15
11000100011011010010
18
11000100011011010010
0
11111011111111111110
15
11111011111111111110
15
11111111111111111110
1
11101111011111110110
17
10101111011111110110
17
10111111001011110110
11
10110111001011010110
11
00110111011010010110
9
00110011011010000110
5
00110010011000000110
15
00110001011000000111
15
00111001011000100111
15
00111001011000100011
5
00101001011100100011
17
00001001111100100011
15
00101001111100100001
15
00001001110000000011
5
00000000010000010011
8
00000000010010010010
17
00000001110110010010
15
00001000110110010110
15
00100000010110010110
15
00000000010110011000
15
10000000010010010100
15
00000000010010011100
15
01000000010010011010
7
01000000010010010010
15
01000000110010010010
15
01000100110010110010
3
01000101010010110010
3
01000101010010111010
7
01000100011010111010
3
00000100010010111000
18
00000100011010011000
0
11111101111111101111
5
11111101111111101111
5
11111100011111101111
5
11111100011111101111
5
00111100011111011111
13
00111100011111010100
2
00101100011110010101
17
00101100011110010101
17
00101111011110010101
2
00101111011110010101
2
01101111011110010101
12
00101111011010010111
17
00101111011010010110
17
00101111011010110110
17
00101111010011010010
3
00101111010011010010
17
00001111010011010010
17
00100111010011010010
3
00100110010111010010
13
01000110010111010010
13
00000110010111010010
13
00000110010111011010
13
00000100010011011000
3
00000101010011011000
3
00000101011011011000
3
00000101011011011000
3
00001100010011111000
3
00000100010011110001
3
00000110010111010001
3
00000100010110010000
3
00000100010111010000
3
00001100011110010010
17
00001000010010010000
15
10001000010010010001
15
00000000011010010001
15
00000100010010010001
3
00000100010010010110
19
00000110010010010101
0
11111110101111111111
13
11111110101111111111
13
11111110101111110111
13
11111110111111110111
13
11110110111111110111
13
11110110111011010111
16
11110110111011011101
16
11110110011011011101
16
11110110011111010101
12
10110110111001011101
8
11110110111001011101
8
11100111111001011100
9
11100111111001011100
9
10100111111001011100
9
11100111110001011100
9
01000110110101011101
8
01000110110101010101
8
01000110110101010111
13
01000110110101010110
13
11000110110110010110
13
11010110110110010110
18
01010110110100011110
18
01010110110100001110
18
01010110110110000110
5
01010110110110000110
5
01010100110110000110
5
01010100110110000110
5
01011100010110000110
5
01110100010101000110
12
01110100100101000110
11
01110100100000000110
5
01010100000000000110
5
01010100000000000101
5
01010100010000000000
3
01010100010100100000
5
01010100000000100000
3
00100100000001100100
2
10100100100001110100
0
11111110111111111111
13
11111110111111111101
13
11111100111111111100
14
11100100111110111100
14
11101100111110110100
17
11101100110110111101
14
11101100010110111100
12
00101100010110111100
10
00001100110110111100
19
00101100110110111100
19
01001100110110011101
7
01001100010110111101
7
01011100011111111101
18
00011100111111111101
18
00011100111111011101
18
00011100111111011101
18
00001100111111011101
18
00001100011111011100
18
11111111101111111111
11
10111111101011111111
11
10111110111011110111
13
10111111011010110101
2
10101011011010110111
17
10111011011010010111
15
11111111111111111101
2
11101011111111111111
15
11101111110111111111
17
11111111011101111111
12
11111111111101111010
3
01111111110101101110
10
01110011111100101110
15
01110101111000000110
5
11111111100111111111
10
11111111001111111111
12
10011110101011111111
18
10111100101011110101
11
10110100111010010101
16
10011100111010010101
18
10101100110010010101
10
00000100111010010101
18
00100100111010010101
17
00110100111011010101
16
00101100111011010100
17
00111100111011010100
9
00101110111111010100
17
00111100110111010100
10
00100100111111010100
17
00010100111110011100
18
00110100011110011100
16
00111100011110011100
12
00111100111110011100
19
01111100111110011100
7
01111100001111010100
12
00111100101110010100
11
00111100111110010100
2
00110100011110010110
16
01111100011110010110
12
01111000111110010100
15
01101100011110010100
12
00101100111110010100
17
00111100111110010100
19
01111101011110110100
2
00110101011010110110
16
00111101011010110111
20
10111101011010010111
6
10111100111010110111
19
11111100111010010101
6
01101100111010110101
9
01101100111100110101
8
01101100100110110100
7
01101100100111010100
0
11111111110111111111
10
11011111111111111111
18
11111111111011111111
9
11111011011111111111
15
10111111011111110111
12
10111110111111010111
13
10111111011110010111
12
10111111101110010111
11
10111111111110010111
19
11011111111110010111
18
11111110011110010111
12
11111010111110010101
15
11111110111110010101
6
11111110101110110100
11
01111110111111110100
13
01111111111110110100
2
11101111111110110110
17
11011111111110111110
18
11111111111110111110
1
11111111111010111111
9
11111111111110110111
4
11111111111110111111
7
11111111111111011111
6
11111111111111111111
0
11110111011111111111
12
10110111111111111111
19
11100111111111111111
17
11110111111111111111
16
11111111111111111111
0
11111111111111111101
2
11101111111111111111
17
11111111111011111111
9
11111111111111111111
0
11111110111111111111
13
11101101111111111111
17
11111101111111111111
14
11111111101111111111
11
11111111011111111111
12
00101111111111111110
17
00011111111011010110
18
00111101011010010110
1
00111100110010010111
10
00111100011010010111
13
00111001011010010111
15
00111101011010010111
9
00111101011100010111
8
00111101011110010111
12
00110100111110010111
16
00111100111110010111
13
00111101111110010111
14
00111111111110010111
19
01111011111110010111
15
01111110011110010111
12
01111111111110010111
6
01111111111110110111
20
11111101111110010111
6
11101101111110110111
17
01111101111110110111
14
01111111111110110111
20
11111111111110110111
4
11111110111110111111
13
11111111111110111101
2
11111111111110111111
7
11111111111111111111
0
11111111111111111111
0
11111110111111111111
13
11101101101011111101
11
01101101111011111101
17
11111101110011011101
2
11101101110011011111
17
11011101110011011111
0
11011111111111111111
18
11111111011111111110
12
11011111111111111111
18
11110111111111111111
16
11111111110111111111
10
11111111111111011111
6
11111011111111111111
15
11111111110111111111
10
11111111111111111011
3
11111111111111011111
6
10111111111111111111
19
11111111111111101111
5
11111110111111000111
5
11111110111110010101
2
11101110111110010111
17
11111110111111010111
13
11111111111110010101
2
11101111111110010111
17
11011110110110010101
18
11111110110110010101
10
01111110111110010001
3
01111110111110010101
2
01110110111110010111
16
01111110011110010110
12
01111110111110010111
13
01111011111010010111
15
01111111111010010111
9
01111101111110010111
6
01111101111110110111
14
01111110011110110111
12
11111100111110110111
13
11111101011010110111
0
01110111111110111110
7
11110101111011111010
3
01110101011011111110
12
01110101111011110110
9
01110100011110110110
12
01110100110110110110
13
01100101110110110110
17
00110111010110110110
12
00110111110010110110
19
01110111110010010110
9
01110111110110010110
6
01110110110110110110
13
01010111110110110010
3
01010111110110110110
18
01110101110110110110
14
01110111010110110110
12
01110111110010110110
9
11110111110100110110
10
11110111111100110110
16
11111110111110110110
13
11111011111110110010
15
11011111101010110010
9
11011111101110110010
3
01011111011100110110
18
01111111010000110110
10
00111101011000110110
8
00111100010010110110
10
00110100011110110100
16
00111100011010110100
2
00111100011010110110
13
01111101011010110110
12
00111100111010111110
19
01111100111011010110
6
10111100110011110110
10
00111100111011110111
19
01111100111010010101
9
01111110111111010100
4
01111101111111011100
2
01111101111011010111
0
11101111111101111111
17
11111111111101111111
8
11111111110111110111
10
11110111111111110011
3
11110111111111110111
16
01111011011111100111
15
01111111011111100110
12
01111111111111100110
5
01111111101101110110
11
01111111110101110110
10
01111111111101110110
20
10111111111101100110
19
11111111111100000110
6
11111110111100100111
13
11111111111100100111
5
11111111111110111011
3
11110110111110110111
13
11110111111110110010
3
01110110111110110101
16
01111110111110110101
20
11110110111110110101
16
11111110111111110100
13
11101001111111110100
15
01101101111110100100
5
01001101111110110100
18
00101111111110110100
19
01001100110110110100
18
01101100110110110100
10
01001100011110110100
12
01001100111010110100
18
01101100101010110100
17
01111100101010110100
11
01101101111000110100
9
01101100001100110100
12
01101100101100110100
17
01111100101000110100
11
01111100111000110110
8
00111000111010010110
0
11011111111111111111
18
11111111011110111111
12
11111111111110110101
2
11101110011110110111
12
10111110110110110101
10
10111110111100110001
3
10111110111100100101
19
11101110111100000101
6
11101110101100101100
11
10101110111100101100
19
01101100110100101100
5
01101000010100110100
15
01001100011100110100
8
00001110011010100100
5
00001110010010110100
9
00001111010110110100
2
00001110010010010110
17
01010100010010010110
18
00110100010000010110
8
00110100010010010100
2
00111100010000010110
10
00011100011000010010
3
00011100001000010110
18
00111100001000010110
8
00111001001010011110
15
00111101001010011110
1
00111000001010011101
15
00111100001010010001
3
00111000011010010101
15
00101100011010010101
17
00111100010010010000
3
01011100000010010100
11
01000100010010010100
6
01000100010010110000
3
01000100010010110100
18
01100100010010110100
12
01100000110011110100
15
01110100010011110000
13
00110101010011110000
0
10111111111111111111
19
11011111111111111111
18
11111011011101111101
15
11111111010101011111
12
11110101110101011111
14
11110111110101011011
8
11110111110110011010
3
01010111110110011110
18
01110111110110011110
7
00110111111111011110
19
01100111111111000110
17
01010111111110000110
18
11110110011010000110
5
10110100011010010110
16
10111100011010010111
13
10111101011010010111
6
10111101001010110111
11
00011100011110010111
18
00111100011110010011
3
00111100011110010111
13
00111001010010010101
2
00110001010000010111
15
00010101000000010011
8
00010100000010010010
3
00011100000010010100
10
00011100001010010100
18
00111100001010010100
11
00100100011010010100
17
01110100011010010100
12
01100100111011011110
17
01010100110011011110
18
01110100110011011110
10
01110000101011111100
15
01110100001011111100
12
00110100101011110100
11
00110100111010110100
20
10110101101010010100
0
11111011111111111111
15
11111111111110111111
7
11101111111111111111
17
11111111111111111010
3
11111111111111111110
1
11101111111111111111
17
11111111110011101111
5
11111110110011111111
10
11110111111011101101
5
11110111111011111101
2
11100110101011111110
17
11010110101011111110
18
01110110101000111010
3
01110100101000111110
8
01110000101010110110
15
01110100100110110010
3
01110100100110110110
13
01110101000110110110
12
01110101100110110110
10
01110100101110110110
13
01110101101110110000
3
01100101101110110100
17
01111101101111110100
2
01111101001110110110
12
01111101101000110111
8
11111101101010110101
2
01111101101010110111
11
01111101011010100111
5
00110100011010110111
16
00111100011010110110
13
00110101011011110100
2
00100101011011110110
17
00110101011011110110
16
10011100011011110110
18
10111100011010110110
1
10111100111010110101
19
11101100111010110101
2
11101100110010110111
0
11111111111110111111
7
11111101111111111111
14
11111111011111111111
12
11101111111111100111
5
11101111111111110111
17
11111111111111110111
4
11111111111110111111
7
11111011111111111111
15
11111011110111111111
15
11111101111111111111
14
11111111101111011111
11
11111110111111011111
13
11111111111111011111
6
11111111111111111111
8
11111111111011111111
9
11111111111111111111
19
11111110111111111110
13
11111111111111111100
2
11111111111111110110
1
11111111111111110111
4
11111111111111111111
3
11111111110111111111
10
11110111111011111111
9
01110101111011111111
16
00111101111011111111
19
01111101111011111111
9
01111101111111111111
14
01111111011111111111
12
00111111011111111111
12
00111111111001011101
2
00111110111001010111
8
00111100111011010101
2
00101100111011010111
17
00111100111011010101
2
00101100111010010111
17
00111100111010010101
2
00111100011010010111
20
00111100010010010111
10
00111100011010110110
1
00110100011010100001
3
00010100011010100100
5
00110100010010110100
10
00110100110010110100
19
01010100010010110100
18
00110100010110010100
12
00111100110110010101
20
10111100110110010101
0
11111111111111111111
12
11111111111111111111
11
11111111111111111111
12
11111101110111111111
10
11110101111111110111
16
11111101011111110110
12
11111101111111110110
14
11011110011111110110
13
11011110011110110111
13
11011111011110110111
18
11111111011110110111
12
11111111111110110111
7
11111110011111110111
12
10111110111111010111
13
10111011111111110101
15
10111111101111110001
2
00011111101111110011
3
00011111101110010111
18
00111110101110000011
5
00111110101110010111
13
00111111111110010111
19
01111111111110010111
6
01101110111110110111
17
11011100110110110101
18
11010110010010110101
2
10010110010010110111
13
10010111010110110111
18
10110111010010010111
10
10110111011010010111
16
10111110011010010111
13
10111111001010010111
11
10111100001010011111
11
10111100001010011111
11
00111100011010011011
3
00111100011011010111
13
00111100011111010111
13
00111101011010010111
6
00111100111010010111
9
00111100011110010111
6
00111100011110110111
0
11111111111111111111
15
11111111111111111111
12
11111111111111111111
6
11111111111110011111
6
11111111111110111111
7
11111110111111111111
13
11011111111111111111
18
11111011001111111111
15
10101011001111111111
15
10101101001111011111
17
10001101000010011111
11
00000101010010111111
7
00000101010010111111
7
00000101010011110111
17
00000101010010110111
17
00010101010010110111
18
00110101010010010111
10
00110101011010010111
16
00111101011010010111
9
00111101011110010110
12
00111101011111010110
1
00101100011010010111
17
00111101011010010111
9
00010101011110010111
18
00110100011100010111
8
00110100011010010101
16
00001100010010010101
10
00001100011010010101
18
00101100011110110001
3
00101100001011110110
17
00111100000011110110
10
00110100001010010100
11
00110000011010010100
15
00100100011010010100
17
00110000011010010110
15
00110100111010010110
16
00111100111010010110
9
00101100110110010100
10
00101100010111010100
6
00100001010111110101
0
11111111111111111111
12
11111111111101111111
8
11111111110101111111
10
01111111111101110111
8
01111101011110110111
12
00111100111110110111
13
00111101111110110110
19
01111101111110110110
14
01111111111010110110
9
01111110101110100110
5
01111110101110110000
3
01011110101110110100
18
01111110101110110100
11
01101111111110100100
5
01011111111110010100
18
01111111111110010100
2
01001111111110010110
17
01011111111110010110
18
01111111011110010110
12
01111111111110010110
6
11111110111110010110
13
11111111111110111110
1
11111111111110111111
7
11111101111110111111
14
11110111101110111101
2
11110111101110111101
2
11110011101110110111
15
11110111101011110011
3
11110101101011110101
2
11110101001001110111
11
10110101010000110111
8
00110101010010110111
10
00110101110010110110
19
01110100110000010100
8
01100110110010010100
9
01100100100110010110
17
01000101101111010110
11
11000100010111010100
6
11000100010111010100
10
11000100011110010101
0
11111111111111111111
3
11111111111011111110
9
11111111111111111110
1
11111111101111111110
11
11111111101111111110
11
11111111111110101110
5
11111111111110111110
1
01111111111110111111
7
01111111111111111111
20
11111101111011111111
14
11101111111011011111
17
11011101010011010111
10
11010100011011010111
18
10110100011001010101
16
00111100011000010100
8
00111100011010010100
2
00100000011011010110
15
00100100011011010000
3
00000100011011010100
18
01000100011011010101
16
01001100010010010101
6
00000100010010110100
19
00000100010111110100
13
00000101010111110100
2
00100111010111110110
17
00111111010011110110
10
00111001011001010110
15
00111001011001011110
15
00111100011001010110
8
00111100011011010100
2
10111100011011010100
2
10101100011011010110
17
10111100011001000110
5
00111100011001010100
8
00111100011011010100
2
00111100111011010111
13
00101101011011010110
17
00011101010011010110
10
00011101011011010110
12
00011101111011010110
0
11111111111111111111
15
11001111111111111111
17
11011010111111111111
15
11001100011111111101
12
11001100010111111101
13
10001101010111111101
2
10000101010111111111
14
11000111010111110111
12
11000111110011100111
5
11000110011011110111
13
10001111011011110111
17
10011111011011110011
3
00011111011010110111
18
00111111010010010111
10
00111110011010010111
13
00110101111010010111
16
00111101111010010111
9
00111100011010010111
13
00111101011010010111
20
10111101011010010111
6
10111101011010110111
9
10111111011110010111
12
10111011111110010111
15
10111110111010010101
9
10111100110010010101
10
10111100001000010100
11
10100100011000010100
17
10110100001100010100
16
10111100001101010100
11
00101100010101010100
8
00101100010100010100
8
00001100010110010100
18
10100100010010010100
17
10110100010010010100
10
10110101010010010100
2
00110101010010010110
10
01110101011010010110
7
01110101011011010110
6
01110101011011110110
9
00110100011111110110
0
11111111111111111111
12
11111111111111111101
2
11111110111111111111
13
11111111111111110111
4
11111111111111111111
15
11110111111111110111
16
11111111111111110111
4
11111111111111111111
19
11111110111111111111
13
11111111111111111101
2
11101111111111111111
17
11111111111110111111
7
11111111111011111101
2
11111111111011111110
9
11111111111101110110
8
11111111111111110010
3
01011111111101100110
18
00111111011110100110
5
10111111111100010110
19
01111111111100010110
6
01111111111100110110
20
11111111111100000110
5
01011110111100011110
18
01111110111100011100
8
01111110111110011100
7
01111110101111011100
11
01110110110111011100
6
01110110010111111100
12
01110100110111010100
6
01110100110111110100
13
11111100110111110100
10
11101100011111110100
12
11111100111111110100
14
11111110111110100100
5
11111110111100100000
3
11001110111100100100
18
11101100101100000100
14
01100110001100001100
12
01100110101000001100
13
01100100101000001110
0
11111111111111111111
9
11111111111111111110
1
11011101101111111111
18
11111101101111111111
11
11111101111111111111
14
11111111111111111110
1
11111111111111111011
3
11111011111111111111
15
11111111111011111111
9
11111101111111101111
5
11111101011111111111
12
11011111111111111111
18
11110111110111111111
10
11110111111111111111
16
11111111111111111111
12
11111111111111111111
10
11111111111111111011
3
11111111111111111111
19
11111111111111110111
4
11110111011111110111
12
11110101111110110111
16
01111101111110110111
14
01111111110110110111
10
01011111111110110111
18
01111111111110110111
20
11111101110110110111
10
11110101111110110011
3
11010101111110110111
18
11110001110110110011
15
11110101110010110011
3
11110101110010110111
10
11110001111010110111
15
11110101111010110111
16
11111101111010110111
9
11111101111010110111
9
11111101111110110111
14
11011111011100110110
12
11011110111100110110
18
11111110111100110110
7
11111100111101110110
0
11111111111111111111
15
11111111111111111111
18
11110111111110111111
16
01011111111110111111
18
01111111111110111111
7
01111111111111101111
5
01111111111101111111
8
01111111111011110111
9
11111111111101110111
8
11111111111111110111
4
11111110111111110011
3
11111110111011110110
13
10111111111011010110
9
10111110111111010110
13
10111111111011010100
9
10111001111111010100
15
10101101111111010100
14
10101111111110010100
17
10011111111110010000
2
10001111111110110010
3
10001111100110010110
11
00001111010110000110
5
00101110010100010110
12
00001110110100000110
5
00001110110100010100
8
00001100110100110100
19
01001000010111110100
15
01101110010011110100
12
01101100110011110100
9
01101100110110110100
10
01000100110100110100
8
01000100010110110100
12
00000011110110110100
15
00000111010010110000
3
01000110010010110000
3
01000110010010110100
12
00000110010010110100
19
01000100010010110000
3
01000100010110110100
14
01000110010110110101
0
11111111111111111111
2
11111111111111111111
13
11111011111111111110
15
11111111111111111010
3
01111111111111110010
3
01011111111100010011
18
01111110111100010011
3
01111110111100001111
5
01111100111100010111
8
01111000111110010111
15
01011100111110010001
18
01111100111111010001
3
01101100011111010101
12
01100100111111010101
16
01101100111111010100
17
01001101111111010100
6
01001111111111110100
18
01101101111111110100
2
01101101110100110110
17
01111100110100110110
10
01111100010100110110
10
01111100011100110100
12
10111100111100110100
19
11101100111100110100
17
11111100111100110100
14
11111010111100110100
15
11110010111101110001
15
11000110111011110001
3
11000110111011110101
16
11001110111011110100
18
11101100111011110100
17
11111100111011110101
2
11100100111011110111
17
11110100111001110111
16
10110100111001110101
16
10111100111001110101
19
11101100111001110101
8
11101100111010110101
17
11111100011010110101
13
11111101011010110101
0
11111111111111111111
2
11111010111111111111
15
11111110101111111111
13
11110111101111111100
2
11110011101111111110
15
11110111101110111010
3
11010111101110110110
18
11100111101110110110
17
11111111101110110010
3
01011110101110110110
18
01111100101110110110
13
01101100101110100000
3
01101100101010100100
5
01101100100010110100
11
01000100110010110100
18
01100100110010110100
9
00000100111010110100
19
01000100011010110110
17
01010100011010110110
18
01110100010010110110
12
01110000110010110100
15
11110100110010110000
3
11110100110010110100
10
11110100111010110110
16
11111100111001110100
8
11111100111011110100
9
11111100111111110100
14
11111110101110110100
11
11111110101110111100
11
11111110111110111100
13
11011101111110111100
18
11111101111110111100
2
11111101111010111110
1
11111101011010111110
1
11111101011010111111
7
11111101011011111101
2
11101101011011111111
17
10001101011011111110
1
10001101011001011011
19
11001101010101010010
0
11111111111111111111
18
11111111111111111111
17
11111111111111111111
13
11111111111111111111
12
10111111101111101111
5
10111111111111100111
5
10111110111111010111
13
10111111111111010101
2
10111111111111010111
4
11111111111110011111
6
11111111110110111111
10
11111111111110111111
7
11111111111111110111
4
11111111111111111111
19
11111111111011111110
9
11111111011111111110
12
10111110111011111110
19
11111110111011111110
13
11111111111011111110
9
10111101110011111110
10
10111101011011111110
1
10111001010011110111
10
10111001011011010111
15
10111101011010010111
6
11111100011010110111
13
11111100011010110101
2
10101100011011110111
17
10111100010011110111
10
10110100011011110111
16
10111100011011110101
2
10110100011011110110
16
10111100011111110110
13
10111101011111110110
1
10111101011111110111
12
10111101111010110111
19
11111101111010110101
2
11111101101010110011
3
11111101111010010111
6
00111101111011110011
3
00111101111111110111
0
11111111111111111111
3
10111111111111111011
3
10111111111111010011
3
10111111111101010111
8
10111111111011010111
9
10111101111110010111
14
10111110111110010111
13
10111111111110010101
2
00111111111110010111
19
01111100111110010111
13
01111101111010010111
6
01111001011010110011
15
01111101011010110011
3
01111101011010110111
12
01101001111010110111
17
01101001110011110111
15
01101001011011110111
17
01111001011010110011
15
10111001011010110011
15
10111101011010010011
3
10001100011010010111
17
10011100011010010111
18
10111100111010000111
5
10111100111000010111
8
10111100111010010110
1
10101100111010010011
17
10111100111010010001
3
10001110111110010101
18
10101010010110010101
15
10101110010110010101
12
00101110110110010101
10
00101110111110000100
5
00001110111110010100
18
00101100111010010100
17
00111100111010010100
9
10101100111010010100
17
10011000111010010100
18
10111000010010010100
10
10111000011010011100
12
11111111111111111111
18
11111111111111111111
19
11111110111111111111
13
11110111111111111111
16
11111111110111110111
10
11010111111111110111
18
11110111100110110111
10
10110011101110110111
15
10110011101110011111
15
00110111101110111011
3
00110101011111111111
16
00111101011011111111
19
01111101011011011111
12
00011101111011011111
18
00111101011011010101
2
00111101011010010011
3
00011101011010010111
18
00111100011010010111
13
00111101011010010111
6
00111101011010110011
3
00011101011010110111
18
00111101011010110111
20
10111100001010010111
11
10111100011010010111
13
10111101011010010111
6
10111100111010010110
1
00111100111010010111
9
00111100111111010001
3
00011100111111010111
18
10011100111111011111
18
10111100111111001101
5
10111100111101011101
8
10101000111110011100
15
10101100111010010100
17
10111100011010010100
1
10111101001010010101
2
10111101101010010101
2
10111100101010010110
11
10111100111010010110
1
11111111111111111111
10
11111111111111111111
6
11011111111111111110
18
11111111110111111110
10
01111111111111111110
1
01111011111111111111
15
01110111111111111111
16
01111111111111111111
20
11111111111111110111
4
11111111111111111111
17
11111111111111111011
3
01011111111111111111
18
01111111111111011101
2
01111101111111011111
6
01111101111111111111
14
01111011111111111111
15
01111011011111011111
15
01111111011011011011
3
00111101011011011111
9
00111101011111011111
12
00111101111111011111
14
00101101111111011111
17
00011101111111011111
18
00111101111111010111
14
00111111111111010111
19
11111111111111010111
6
01111111111110110110
20
11101111111110110111
17
11111111110110110011
3
11111111110110110111
10
01111111111110110111
20
11111111111110110111
7
11111111111011111110
9
11111111111111111110
1
11111111111111111110
1
11111111101111011111
11
01111011111111011110
15
01111111111111011010
3
01111101111111011110
14
11111111111111111111
15
11111111011110111111
12
10101111111110111111
17
10011111111110111111
18
10111111111110110111
19
01111111101110110111
11
01111111111110010111
6
01111110111110110111
13
00111100111110111101
19
01111110111110011110
13
11111111101110011111
6
11111111101110100111
5
11111111101111110111
11
11111011111111110111
15
11111111111110110111
4
11111111111110111111
7
11111110111110111101
2
11111110111110110111
13
11101101111110110101
2
10101101111110110110
17
00111101011110010110
1
00111100011110010111
13
00111101011110010101
2
00100101011010010111
17
00110100011010010101
16
00111100011010010101
2
10111110011010010101
2
10101110011010010111
17
11011110011011010111
18
11111110011011010101
12
10101110111011010101
9
10101110111111010101
17
10111100111111010100
14
10001110111011010100
18
10101110111011010100
9
10110110111110010100
16
10111110110110010001
3
10101110110110010001
3
10101110110110010101
13
10011111110110010111
0
11111111110111111111
10
01111111111111101111
5
11101110001101111111
13
11101101001101111111
17
10111101001001111111
11
01111101011001010111
8
01111100011011010111
13
01111101011011010111
12
00111100111011010110
13
00111101011011010110
1
00111101011111000101
5
00101101011111010101
2
00101101010110010111
17
00101101011110010111
17
00011101011110010111
18
00111101011110010111
12
00111101111100010111
8
00111101111110010110
14
00111111111110010110
19
01111111101110010110
6
01111111101110110110
11
01111111111110111110
7
01111101111011111110
1
11101100111011111111
17
11111100110011111111
10
00111100101011111111
11
00111101101011110101
2
00111101101010110111
19
01111101101010010111
6
01011100101010110111
18
01111100100010110111
10
01110100110010110111
13
01110101110010110101
2
01110101010010110111
12
00110100110010111111
19
00110100110010111111
19
01110100110010111110
7
01110100110011111100
14
01100110010011111100
0
11111111110111111111
10
11111111111111111111
17
11111111111111111111
3
11111111111110111111
7
11111111101111111011
3
11111111101111011111
11
11111111111111110111
4
11111111111111101111
5
11111011111111111111
15
11111111111111111111
15
11111111111111111111
5
11110110101111011111
11
11110000011111011100
15
11110000011111011100
15
11110100011011011100
16
11111100011011010100
6
11111100011011010100
6
11111100011011110100
12
11111100111011110100
9
01101100111110110100
17
01101100111110111100
17
00011100111110011100
18
00101100111110011100
17
00111100111110011100
19
01111100111110010100
6
01111100111100110100
8
01111100111110111100
7
01111100111111111100
13
01111101111111111100
2
01111101111110111110
7
01111101011110111110
12
01111101111010111110
7
01111100111011111110
13
01111101110011111100
2
01111101110011110110
10
00110101111011110010
3
00111100011011010110
1
10111100011011010110
0
11111111111111111111
14
10111111101011111111
11
10111101101011110111
11
10111101001010110111
11
00010101001010110111
18
00010101001010010111
18
00010001001010010111
15
10010001000010010110
15
10010001000011010010
11
10010001000011010010
11
00010001000011010010
11
00010000000111010010
15
00010000001111010010
11
00010000111010010010
18
00010000110010011010
15
00001000100010011000
11
00001000001010011100
15
01001000000010010000
15
01001000011010010000
15
00011000010010010000
15
00011000010010010100
15
00001010010010010100
15
10001010010010010010
15
10101010010010110010
17
10000110010010010010
13
10000100010010010000
3
10000100010011010000
3
00000100010010010001
3
00000110010010010000
3
00000100010010010000
3
00000100010010010010
3
00000100010010110010
3
00000100010010110010
3
00000101010010110110
17
00000101011010010010
17
00100101010010110010
3
00001101000010110010
3
00000101000010110010
3
00000100000010110110
7
00000001000010010110
0
11111111111111111111
12
11111110101101111111
13
11111110101101110110
13
01101110101101110110
13
00101110101101100110
17
10101100001101100110
17
10111100000001100111
10
10111100000101000101
10
10101101000101000101
11
00101100000101000100
11
10111100000101010110
10
00111100010101010110
10
01110100010101010111
12
01110100010111010110
12
01110100010111010110
12
00110101010110010111
10
00110101010110010111
10
00110101010110010111
10
00110110010110011111
12
00100110011010011100
17
10100110011010011100
17
10100111111010000100
5
10100111111000000100
9
00100110110000000101
9
00001000110000000100
15
00001000110110001000
5
00010000010110001000
5
00010010010010001000
5
01010000010010101000
5
00010000010010001100
15
00010000010010010100
15
00010000110011010100
15
01010010111011010000
18
11010010111011010000
18
11010000110100010000
15
01011000110100010000
15
01011000011100010000
15
01011000011100011000
15
01111000011110110000
2
01101100111110110000
0
11111111111111111111
2
11111111111111101101
5
10111111101111001101
5
10111110111111001101
5
10101110111111001101
5
00101110111101011101
8
00001110111101011101
8
00011110011101011100
18
00011100111101011100
18
00011100011101110100
18
00011100011001010100
18
00001100111001010101
8
00001100111101011100
8
00001110011011011100
18
00000100011011011110
17
00001100011011011110
17
00101100010011111100
10
00101110000011111100
11
00101110000111111100
11
00101110100011111100
19
00001100101011111100
11
00101100100011111100
11
01101100000011111100
11
01101100000011111100
11
11100100000011111101
11
11100100100011111101
11
11100100100111111100
11
01100100100111111110
13
01110100000111111110
12
01010100000111111110
13
01010100000111011110
11
11010100000111011100
11
11010100000111111100
11
11010100010111111100
12
10000100010111111110
13
10000100010111111110
13
10000100010011110100
19
10001100010011110100
10
10001100010011010100
13
00001100010011010100
0
11111111111111111111
3
11111111011111111111
12
11011111011111111111
18
11011111011110101101
5
11011111011010100101
5
11011111011011100101
5
11011111011010100111
5
11111100011010100111
5
10111000010010110111
10
10110000010010110111
15
10010000010011110111
15
10010000010011110000
15
10010000010011010000
15
11010000010011010001
15
01110000010011010001
15
01100000010111011000
15
01010000010111010010
15
10010000010110010010
15
10010000010110010010
15
00011000110110010010
15
00010000110111000010
5
00010000110101000010
15
00011100110110000010
5
00011100110110001010
5
00011100010100000010
10
00011100010100000010
5
00001110010100000000
5
00000010010101000000
15
00001000010001000100
15
00000000010001001100
15
00000001010001001101
15
00000001010011010101
15
00000001010011010101
15
00000000010010010101
15
00010000010010010000
15
01000000010010010000
15
01000001010110010000
15
00000001010010010010
15
00000000011010010010
20
00000000011010010010
0
11101101111111011111
17
11101101110101011111
8
11001101110101011110
6
01000101110101011101
8
01000101110001011101
8
01000001010111011101
15
01010001010111011001
2
11000001010111011101
15
01000101010111011101
2
01000101010011011101
2
00000101011011011100
2
00000101011111010110
17
00000001011101010110
15
00000001010001010010
15
00000001010000010010
17
00000001010000110110
15
10000001010100110110
15
00001001010000010110
15
00001011010000010010
15
00001011010000010000
15
00001011010000010000
15
00001011010000010010
8
00011010010000000010
15
00011010010000000010
5
00011000010001010010
15
00011000011001010010
15
00011000011001010011
8
00011000001001010011
11
00011000001001010111
15
00011000001000110111
15
00010000001000100111
15
00010011000010100110
5
00010011000010100110
5
00010111000010000111
5
10010100000010000110
5
10010100000010000100
5
10000100000011000100
5
10000100000011000110
0
11111111111111111111
3
11111111111111111111
19
11111111111111111101
2
11101111111111011100
6
10101111111111011100
19
10100111111111011101
2
10100111111111011100
19
00100111111111011100
19
10100110110111011100
19
10100110100111011100
11
10100110101011011100
11
00100111101011011100
9
00100111100011010100
9
00000101110000010100
9
00000111010000010100
9
00100110010000010100
8
00110101010010011100
2
01110100010010111100
12
01110100010010111100
12
01110100010110111100
12
01110100011000111100
8
01011100011000111101
8
00001100011000111111
8
00001100011000110111
8
00101100011010110111
17
01101100011110110111
17
01001101111110110101
2
01101101111110110101
2
01101101111110111101
7
01001100111110111101
18
01001100010110111101
7
01001100010110111111
13
01001100010110111111
13
01001100110110101111
5
01000100110110100110
5
01000101010100100110
5
01000101010110100110
5
01000101011000100110
17
01001100010000110110
7
01100100011000110110
0
11111111111111111111
15
11111111111111111111
15
11111111111111111010
3
11111111111111011010
3
11111011111111011010
15
11011011111111011010
15
11011011101001011010
11
11011011110001011010
8
01010001110001010011
8
01010001101001010011
11
01110001101001010011
11
01110001101000010111
15
01110001101000010111
15
01110000001000010111
15
01111001001000010101
15
00101001001000110101
15
00101001001010110001
2
00101101001010110001
3
00001101001011110001
11
00101101000011010001
11
00011101000111010001
2
01011101000110010001
2
01001100001111010001
11
01001100001111010000
11
01000100001111010000
11
01000101001110010000
11
00000101001110010000
3
00000101010110010000
3
00000101010110010000
3
00000101010100010001
2
00000111010100010000
3
00000101010010010000
7
00000101010011010000
3
00001101010011010000
3
00000101010011010000
2
10000101010011011000
3
10000101011011010001
16
10000101011011010000
3
10000101011011010010
9
00100110011011010010
0
11111111111111111111
13
11111111111111111111
18
11111111111111111111
2
11111111010111111111
12
10110111010111111111
12
00110111010110111110
12
10110111010010011110
7
11110111010010011010
3
01110111010010011010
3
01010111011010011010
7
01110100011010011010
3
00010101011010011010
7
01010100011010010010
3
01010100011010010010
3
01010100011010010010
3
11010100010010010110
18
01010100010010110110
13
01010100010110110100
12
01000110010010110101
12
01000000010010110110
15
11000000010010110100
15
11000000010010110010
15
11000000010010110010
15
00000000010010111000
15
01000100001010000000
5
00000100001110000000
5
00000100101110000100
5
00000100110110000100
5
00000100110111000100
5
00001100110101000110
5
00100100010101000110
17
00110100110001000110
10
00100100110000000110
5
00100100001000000110
17
00000100001000000111
17
00010101010000000111
5
00010100011000100111
18
10010000010000100101
15
00000010010001100100
13
10000010110100100000
0
11111111111111111111
15
01011011111111111111
15
01011011011010111110
15
01111011011010010110
15
11111111011110010010
12
10101111011110110010
17
10101111011110010010
17
10101111001110011010
17
10101110001010000010
17
10101111001000010010
17
00101111100000010010
9
00101111110000010010
9
00101110110000010011
8
00000110110000110011
3
00000100111000110001
3
00000100111000010000
3
00000110011000010000
3
00001000011000110000
8
01001100011000010000
8
01001100111100010001
8
01001100111100010000
3
01001100111100010100
18
01001100011100010100
8
00001100010100010100
8
00001100010100010100
8
01001110000100000100
12
00000110000100000100
5
00010110100100000100
18
00010110101100000100
18
00100100101100000100
5
00101100000110000100
5
10100100000110000100
5
00100101000110000100
5
00100101000110000101
5
00101101000100000100
5
00101101100100100100
5
10000101110100001100
14
10000100010101000100
5
00000100110101000100
4
01000000010101000100
0
11111111111111111111
15
11111111111111111111
12
11111111111111111111
11
11111111111111111111
12
11111011110111111011
10
11111011110111111011
10
11111011110111011011
10
11111001110111011011
10
11111001110111011111
15
01111001110111011111
15
00111101110011011011
10
10101100110011011011
3
10101100110011011011
3
10101100110011011101
10
10101100110011011100
10
00101100110011010110
17
00100100110111010111
17
00101100110110110110
19
01101110010000110110
17
01101110000000110110
17
01010110000000110110
13
01010100000000110110
13
01010100000000110110
11
01010100000010010110
11
00010100000010010101
2
00010101000010010101
2
00000101010010010101
2
00000101010010010101
2
10000101010010110101
2
00000100010010010101
16
00000100000010010101
11
00000100000010010001
11
00001100000010010000
11
00000100010010010100
18
00000100010010011100
7
00000100010011011100
9
01010101010010011100
2
01010100010010011100
7
01000100010010001100
5
00000100011110000100
0
11111111111111111111
11
11111111111101111111
8
11111111111101101111
5
01111110111101101011
3
01111110110111101001
3
01111100110111101001
3
01110100110111101001
3
01100100110111101000
3
01100110110111001000
5
11100110110111001000
5
11100100110111101000
3
11100100110111001001
5
01000100110101001001
5
01000000110101001001
15
01010010110100000001
15
01001010110110000001
5
01101010110000000001
5
11101000110000000001
15
11001000110000000000
15
11010000010000010000
8
11010000010000010000
15
11010000010000010000
8
11001010010000010000
15
01001110010000010000
3
00001100011000010010
17
00000100011010010000
3
00000100111010011000
3
00000100111010001000
5
00000100011010000100
5
10001100011010000100
5
10001100010000000100
5
00001100010000100100
5
00001110110000100100
19
00101100110000100100
19
00101100110000100110
19
00100101111000101110
17
01100110111000100110
17
01100100111000100110
17
00101100111010100110
17
00101100011010100110
0
11111111111111011111
6
11111111111111010111
6
11111110111110011111
13
01111100111110110111
13
11111100011110110101
12
10111100011110110101
2
10111100011110110101
2
10101100011110010101
17
10001000010110010101
15
10001000010010010101
15
10001000010011010001
15
10001000010011010001
15
10001000110011010001
15
00001000111011010001
15
00001000011011010001
15
00001000011011011001
15
10011000010011011001
2
10001000010011111001
15
10001000010011111000
15
10001000010010111000
15
10001000010010111000
15
10001000010110111001
15
10001000000110011000
15
10001000000110011000
15
00001000000010011010
15
