-210
-4350
-1960
-325
-8365
-3600
-2050
-3385
-755
-3185
-205
-4130
-330
-6060
-6610
-3185
-260
-230
-1745
-305
-9700
-9500
-230
-175
-8520
-5245
-7970
-145
-6790
-210
-7195
-125
-7940
-205
-4435
-11580
-110
-1650
-230
-135
-165
-130
-4870
-165
-310
-180
-170
-310
-3135
-140
-170
-10855
-8470
-5900
-2875
-7515
-130
-350
-140
-3740
-205
-180
-8310
-10360
-185
-6765
-1480
-7865
-3395
-85
-80
-125
-2100
-205
-3465
-7075
-400
-4120
-3445
-190
-160
-240
-285
-12285
-125
-2880
-230
-130
-6585
-260
-2475
-165
-160
-210
-345
-10875
-125
-9485
-115
-270
