-115
-275.25
-66.75
-123
-144.75
-139.25
-156.25
-126
-141.5
-94
-160.5
-140.75
-71.75
-145.5
-136
-98.5
-116
-99
-136.75
-129.25
-197.25
-144.25
-135.75
-139
-200
-166.5
-84
-96
-150.75
-157
-94.5
-196.25
-88.5
-115
-178.5
-168
-110
-122
-199.25
-96.75
-121
-152.75
-89
-105
-202.5
-137.5
-132
-143.25
-121
-120.25
-55.75
-109.75
-171.25
-129
-114.25
-121.25
-167.25
-182
-83.5
-114.25
-186.75
-108
-113
-97.75
-77.25
-128.25
-156
-169.5
-113.25
-90.25
-131.5
-176.5
-138
-105
-120
-141.75
-148
-94.75
-98
-100.5
-107.75
-107
-98
-50
-75
-148
-100.5
-175.75
-91.25
-186.75
-217.75
-103.5
-154.75
-78
-66.75
-171.75
-195.25
-129.25
-119
-181
