-174.75
-317.75
-191.25
-193
-196.75
-196
-200
-161
-166
-197
-162.75
-208.75
-175.25
-155.5
-205
-113.5
-169
-122
-207
-240
-225
-213
-174
-157
-139.5
-190.5
-206.5
-158
-247.25
-182.25
-140.5
-241.25
-210
-183
-155.75
-160
-195
-202.75
-188
-167.75
-147
-242.25
-205.5
-165
-271.25
-172.25
-157
-181.75
-176.5
-173.25
-139.75
-171.75
-311
-161
-170.25
-254.5
-249.25
-230
-133.75
-176
-207.75
-113
-127
-137.75
-277
-179.25
-183.5
-183
-188.25
-176.25
-202.5
-172.75
-150.25
-115
-188
-89
-197.5
-166.75
-94
-254.75
-183.5
-190.75
-169
-173
-175
-233.25
-233.75
-268.5
-110
-239.25
-259
-169.5
-199.75
-155
-126
-233
-333
-134.25
-125
-221
