-8400
-13320
-10500
-8200
-18150
-21040
-8230
-19255
-19720
-8240
-8185
-18290
-8175
-8320
-11615
-14860
-8190
-16410
-8195
-8510
-8280
-8470
-21800
-8415
-8245
-8510
-8225
-19600
-8185
-9285
-11405
-8230
-8240
-15255
-8260
-11420
-8155
-8200
-8410
-8470
-8285
-14210
-18215
-8200
-11060
-8410
-29505
-17155
-10835
-8190
-8280
-15585
-11985
-8230
-11240
-8190
-8175
-8160
-23955
-8175
-10940
-19250
-25805
-10150
-8435
-12045
-8280
-8785
-8670
-8330
-10615
-8225
-8190
-11235
-8445
-8170
-9615
-12475
-16040
-8450
-8395
-8280
-8180
-11260
-22615
-8185
-11365
-8250
-8235
-8170
-8160
-8155
-8220
-8240
-8365
-8260
-12155
-8360
-8300
-12195
