000000000000000000000000000000
14
010000000000000010000000000000
13
010010000000000010000000000000
13
010010001000000010000001000000
13
010010101000000010000001000000
6
010110101000000010100001000000
9
010110101000010010100001000000
9
110110101000010010100001000000
9
110110101000010110100001000000
13
110110101000010110100001000000
6
110110101000010110100001000000
9
110110101000010110100001000000
13
110111101000010110101001000000
6
110111101000110110101001000000
13
110111101001110110101001001000
13
110111101001110110101001001000
6
110111101001110110101001001000
9
110111111001110110101011001000
13
110111111001110110101011001000
13
110111111101110110101011101000
13
110111111101110110101011101000
9
110111111101110110101111101000
13
110111111101110110101111101000
13
110111111101111110101111101001
13
110111111101111110101111101001
13
110111111101111110101111101001
13
110111111101111110101111101001
13
110111111101111110101111101001
13
110111111101111110101111101001
13
110111111101111110101111101001
13
110111111101111110101111101001
13
110111111111111110101111101001
13
110111111111111110101111101001
13
110111111111111110101111101001
13
110111111111111110101111101101
13
110111111111111110101111101101
13
110111111111111110101111101101
13
110111111111111110101111101101
13
110111111111111110101111101101
13
000000000000000000000000000000
14
100000000000000100000000000000
13
100001000000000100001000000000
14
101001000000000100001000000000
14
101001010000000100001010000000
14
101001010000001100001010000000
14
101001110000001100001110000000
13
101001110000101100001110000100
13
101001110000101100001110000100
13
101001110000111100001110000100
13
101011110000111100011110000100
13
101111110000111100011110000100
13
101111110000111100011110000100
14
101111110000111100011110000100
14
111111110000111110011110000100
13
111111110000111110011110000101
13
111111110010111110011110010101
13
111111110010111111011110010101
6
111111110010111111011110010101
6
111111110010111111011110010101
6
111111110010111111011110010101
6
111111110010111111011110010101
6
111111110010111111011110010101
6
111111110010111111011110010101
6
111111110010111111011110010101
6
111111110010111111011110010101
6
111111110011111111011110010101
6
111111111011111111011111010101
6
111111111011111111011111010101
6
111111111011111111011111010101
6
111111111011111111011111010101
6
111111111011111111011111010101
6
111111111011111111011111010101
6
111111111011111111011111010101
6
000000000000000000000000000000
14
000000000010000000000000000000
14
000000000010100000000000000100
14
010000000010100010000000000100
9
010001000010100010000000000100
9
010101000010100010100000000100
13
011101000010100011100000000100
9
011101001010100011100000000100
9
011101001010100011100000000100
9
011101001010110011100000000110
6
111101001010110111100000000110
6
111101001010110111100000000110
6
111101001010110111100000000110
9
111101001110110111100000000110
6
111101001110110111100000100110
9
111101001110110111100000100110
9
111101001110110111100000100110
9
111101001110111111100000100111
9
111101011110111111100000100111
9
111101011110111111100000100111
9
111101011110111111100000100111
9
111101011110111111100000100111
9
111101011110111111100000100111
9
111111011110111111100000100111
9
111111011110111111100000100111
9
111111011110111111110000100111
9
000000000000000000000000000000
14
000000000000010000000000000000
13
000000001000010000000000000000
14
000000001010010000000000000000
14
000000011010010000000000000000
14
100000011010010100000000000000
14
101000011010010100000000000000
14
101000011011010100000000001000
13
101000011011010100000000001000
13
101000011011010100000000001000
14
101000011011010100000001001000
13
111000011011010110000001001000
13
111000011011010110000001001000
13
111000011011010110000001001000
13
111000011011011110000001001001
13
111000011011011110000011001001
6
111000111011011110000111001001
13
111000111111011110000111101001
13
111000111111011110000111101001
13
111000111111011110000111101001
13
111000111111011110000111101001
13
111000111111011110000111101001
13
111000111111011110000111101001
13
111000111111011110000111101001
13
111000111111111110000111101101
13
111010111111111110000111101101
13
000000000000000000000000000000
13
000000000010000000000000000000
14
000000000010001000000000000000
14
000001000010001000000000000000
14
000001000010001000000000000000
14
000001000110001000000000000000
14
000001100110001000000000000000
13
001001100110001000000000000000
13
011001100110001010000000000000
9
111001100110001110000000000000
13
111001100110101110000000000100
13
111001100110101111000000000100
6
111001100110101111000100000100
6
111001100110101111001100000100
6
111001100110101111001100000100
6
111001101110101111001101000100
6
111101101110101111001101000100
6
111101101110101111001101000100
6
111101101110101111001101000100
6
111101101111101111001101001100
6
111101101111101111001101001100
6
111101101111101111001101001100
6
111101101111101111101101001100
6
111101101111101111101101001100
6
111101101111101111101101001101
6
111101101111101111101101001101
6
111101101111101111101101001101
6
111101101111101111101101001101
6
111101101111101111101101001101
6
111111101111101111111101001101
6
111111101111101111111101001101
6
111111101111111111111101001101
6
111111101111111111111101001101
6
111111101111111111111101001101
6
111111101111111111111101001101
6
111111101111111111111101001101
6
111111101111111111111101001101
6
111111111111111111111111001101
6
111111111111111111111111001101
6
000000000000000000000000000000
13
001000000000000000000000000000
14
001000000100000000000000100000
14
001001000100000000000000100000
14
001001000100000000000000100000
14
001001000100000000000000100000
14
001001000100000001000000100000
14
011001000100000011000000100000
9
011011000100000011000000100000
9
011111000100000011100000100000
9
011111001100000011100001100000
9
011111001110000011100001100000
9
011111001110001011100001100000
9
011111001110101011100001100000
9
011111001110101011100001100000
9
011111001110101011100001100000
9
011111101110101011100001100000
9
011111101110101011100001100000
9
011111111110101011100001100000
9
011111111110101011100001100000
9
011111111110101011100001100000
9
011111111110101011100001100000
9
000000000000000000000000000000
13
000001000000000000001000000000
14
000001100000000000001000000000
14
000001100000010000001000000010
14
000001100000010000001000000010
14
000001101000010000001000000010
14
000101101000010000001000000010
14
000101101000010000001000000010
13
000101101001010000001000000010
14
000101101001011000001000000011
13
000101111001011000001000000011
14
001101111001011001001000000011
14
001101111001011001101000000011
14
001101111001011001101000000011
14
001101111001111001101000000111
14
001101111001111001101000000111
14
001101111001111001101000000111
14
001101111001111001101000000111
14
001101111001111001101000000111
14
001101111001111001101000000111
14
001101111001111001101000000111
14
101101111001111101101000000111
14
101101111101111101101000000111
14
101101111101111101101000000111
14
101101111101111101101000000111
14
101101111111111101101000000111
14
101101111111111101101000000111
14
101101111111111101101000000111
14
101101111111111101101000000111
14
101101111111111101101000000111
14
101101111111111101101000000111
14
101101111111111101101000000111
14
101101111111111101101001000111
14
101101111111111101101101000111
14
101101111111111101101101000111
14
101101111111111101101101000111
14
101101111111111101101101000111
14
000000000000000000000000000000
14
000000010000000000000010000000
13
010000010000000010000010000000
9
010000010000000010000010000000
9
010000010000001010000010000000
13
010000010100001010000010000000
9
010000010100001010000010000000
9
010000110100001010000110000000
13
010010110100001010010110000000
6
010010110100001010010110000000
13
010110110100001010010110000000
13
010110110101001010010110000000
6
010110110111001010010110010000
6
010111110111001010011110010000
6
010111110111001010011110110000
13
010111110111001010011110111000
13
010111110111001010011110111000
13
010111110111001010011110111000
13
010111110111001010011110111000
13
010111110111001010011110111000
13
010111110111001010011110111000
13
010111111111001010011110111000
13
010111111111001010011110111000
13
010111111111001010011110111000
13
010111111111001010011110111000
13
010111111111001010011110111000
13
010111111111101010011110111000
13
010111111111101010011110111000
13
010111111111101010011110111000
13
010111111111101010011110111000
13
010111111111101010011110111000
13
010111111111101010011110111000
13
010111111111101010011110111000
13
010111111111101010011110111000
13
010111111111101010011110111000
13
010111111111101010011110111000
13
010111111111101010011110111000
13
000000000000000000000000000000
14
000000100000000000000000000000
14
000000100100000000000000000000
14
000000100110000000000000000000
14
001000100110000001000000000000
14
001100100110000001100000000000
14
011100100110000011100000000000
9
011100110110000011100000000000
9
011101110110000011100000000000
6
011101111110000011100000000000
6
011101111110001011100000000000
6
011101111110011011100000000000
9
011101111110011011101000000000
6
011101111110011011101000000000
9
011101111110011011101000000000
9
011101111110111011101000000100
9
011101111111111011101000000100
9
011101111111111011101000000100
6
011101111111111011101000000100
6
011101111111111011101000000100
6
011101111111111011101001000100
6
011101111111111011101001000100
6
011101111111111011101001000100
9
011101111111111011101001000100
9
011101111111111011101001000100
9
011101111111111011101001000100
9
011101111111111011101001000100
9
011101111111111011101001000101
9
111101111111111111101001000101
6
111101111111111111101001000101
6
111101111111111111101001000101
6
111101111111111111101001000101
6
111101111111111111101001000101
6
111101111111111111101011000101
6
111101111111111111101011000101
6
111101111111111111101011000101
6
111101111111111111101011000101
6
111101111111111111101011100101
9
111101111111111111101011100101
9
000000000000000000000000000000
13
000000000000010000000000000010
14
000000000100010000000000100010
14
000000000100110000000000100010
14
001000000100110001000000100010
14
001000000100110001000000100010
14
001000000110110001000000110010
14
001000010110110001000000110010
14
001000010110110001000000110010
14
001001010110110001000000110010
14
001001010110110001000000110010
14
001001010110110001000000110010
14
001001010110111001000000110010
14
001001010110111001000000110010
14
001001010111111001000000110010
14
001001010111111001000000110010
14
001001010111111001000000110010
14
001001010111111001000000110010
14
001001011111111001000001110010
14
011001011111111011000001110010
9
011001011111111011000001110010
9
011011011111111011010001110010
9
011011011111111011010001110010
9
011011011111111011010001110010
9
011011011111111011011001110010
9
011011011111111011011001110010
9
011011011111111011011001110010
9
011011011111111011011001111010
9
011011011111111011011001111010
9
011111011111111011111001111010
9
011111111111111011111001111010
9
011111111111111011111001111010
9
011111111111111011111001111010
9
011111111111111011111001111010
9
011111111111111011111001111010
9
011111111111111011111001111010
9
011111111111111011111001111010
9
011111111111111011111001111010
9
011111111111111011111001111010
9
000000000000000000000000000000
14
100000000000000000000000000000
14
100000001000000000000000000000
14
100000001100000000000000000000
13
100001001100000000000000000000
14
100001001101000000000000001000
14
100001101101000000000000001000
14
100001101101001000000000001001
14
100001101111001000000000001001
14
100001101111011000000000001001
14
101001101111011001000000001001
14
101001101111011001000000001001
14
101001111111011001000010001001
14
101101111111011001000010001001
14
101101111111011001000010001001
14
101101111111011101000010001001
14
101101111111011101000011001001
14
101101111111011101000011001001
14
101101111111011101000011001001
14
101101111111011101000111001001
14
111101111111011111000111001001
6
111111111111011111010111001001
6
111111111111011111010111001001
6
111111111111011111010111001001
6
111111111111111111010111001001
6
111111111111111111010111001001
6
111111111111111111010111001001
6
111111111111111111010111001001
6
111111111111111111010111001001
6
111111111111111111010111001001
6
000000000000000000000000000000
14
000000000000010000000000000000
14
000000000000110000000000000100
13
100000000000110100000000000100
14
100000001000110100000000000100
13
101000001000110100000000000100
14
101010001000110100000000000100
14
101010001000111100000000000101
14
101010001000111100010000000101
14
101010001000111100010000000101
14
101110001000111100010000000101
14
101110001000111100010000000111
13
101110001100111100010000000111
14
101110001101111100010000001111
14
101111001101111100011000001111
14
101111011101111100011010001111
13
101111011101111100011010001111
13
101111011101111100011010001111
13
101111011101111100011010001111
13
101111011101111100011010001111
13
101111011101111100011010001111
13
101111011111111100011010011111
13
