459.25
545.75
812
677.25
526.75
613.25
525.5
600.5
578.75
577.5
562.75
604.75
476.75
510
727
612.5
527.75
575
601
628
485.75
581
798.5
642.75
768
613.75
783
500
563.75
465.25
480.5
556
663
547.25
568.75
454
581.75
494.5
572
523.75
704.25
729
562.75
530.25
624.5
563.75
680
640
510
583.75
486.5
617
545.75
612
590
494.75
578
614.75
474
604.75
678.5
703.5
624
506.75
563.25
575.25
620
573
625
637
604
614.75
524
497.5
543.75
648.5
574.75
549
626
519.75
570.5
603.75
711
702
530.75
581.75
575.75
738
572.5
481.75
491.75
655.75
595.75
598
448.75
634
618
572.75
557
616
