-1415.57
-1206.61
-1165.17
-1299.86
-1322.36
-1457.86
-1462.86
-1200.36
-1152.32
-1034.86
-1289.11
-1223.86
-1109.57
-1293.11
-1329.86
-1222.36
-1387.61
-1347.86
-1227.11
-990.36
-1402.86
-1412.57
-1357.61
-1230.86
-1204.82
-1268.36
-1132.61
-1157.36
-1277.11
-1334.11
-1411.11
-1268.36
-1451.07
-1261.36
-1367.86
-1419.86
-1376.57
-1141.11
-1295.11
-1323.11
-1121.36
-1514.86
-1196.61
-1365.57
-1317.11
-1227.61
-1220.61
-1332.36
-1218.36
-1332.36
-1432.11
-1186.61
-1329.36
-1299.86
-1320.36
-1383.61
-1401.86
-1383.36
-1157.57
-1294.36
-1507.07
-1314.36
-1389.86
-1413.61
-1385.61
-1279.11
-1052.61
-1258.86
-1368.11
-1280.61
-1375.36
-1423.36
-1179.36
-1278.61
-1166.86
-1335.86
-1416.82
-1435.11
-1062.61
-1357.36
-1069.11
-1304.61
-1176.61
-1367.36
-1290.07
-998.36
-1414.61
-1247.11
-1296.11
-1310.67
-1229.86
-1362.67
-1117.61
-1332.11
-1189.86
-1422.86
-1278.36
-1131.36
-959.61
-1491.11
