-15185
-14655
-11650
-4110
-12530
-11705
-11710
-23535
-4160
-10800
-6825
-15555
-11605
-13540
-23440
-14030
-15355
-17460
-23195
-6905
-22750
-8055
-22555
-11055
-13145
-7545
-11710
-13240
-18350
-8140
-11150
-10340
-18500
-4140
-7975
-11620
-16765
-9250
-10940
-15355
-5995
-11965
-22020
-21020
-11240
-11370
-18480
-26070
-10670
-13020
-4115
-11140
-15500
-21090
-14165
-14350
-11495
-20415
-17815
-13525
-7590
-10415
-4165
-7175
-10025
-7205
-11355
-7095
-4115
-11665
-11650
-12010
-19010
-19040
-14750
-15515
-14415
-15200
-11665
-14335
-12185
-11870
-14855
-9350
-9405
-7615
-7645
-20310
-15265
-11390
-10910
-6955
-17755
-22155
-10615
-11350
-14325
-6405
-11485
-4175
