1001001111000000
6
0101001111000000
5
0100101111000000
4
0100100101000000
2
0100100111000000
8
0100101111000011
3
0100101010000011
2
0100100010010001
0
0100100010011001
8
0100101010011000
6
0010101010011000
4
0010100000010000
8
0010101000010000
6
0100101000010000
2
0100100010010010
7
0100100110010001
5
0101000110011010
1
0101000011001011
7
0101000111001010
5
0100100111001010
3
0100100010001011
0
0100100010011000
0
0100100010011000
7
0100100110011000
5
0101000110011000
1
0101000011001000
7
0101000111001010
5
0100100111001010
3
0100100010001010
8
0100101010011010
6
0010101010011000
4
0010100000010010
8
0010101000010010
7
0010101100010000
5
0011001100010010
6
0101001100000010
4
0101000100000010
8
0101001100100000
6
1001001100100000
3
1001001000000001
0
1001001111000000
6
0101001111000010
5
0100101111000010
2
0100100111000010
3
0100100010000010
0
0100100010010011
8
0100101010011000
6
0010101010011000
4
0010100000010010
8
0010101000010010
6
0100101000010001
2
0100100010010011
7
0100100110011000
5
0101000110011010
1
0101000011001010
7
0101000111001010
5
0100100111001010
3
0100100010001010
8
0100101010011000
6
0010101010011001
4
0010100000010001
8
0010101000010001
6
0100101000010001
2
0100100010010011
8
0100101010011000
6
0010101010011000
4
0010100000010000
8
0010101000010001
6
0100101000010001
2
0100100010010001
8
0100101010011000
6
0010101010011000
4
0010100000010010
7
0010100100010000
5
0011000100010010
8
0011001100000011
6
0101001100000011
2
0101000110000011
0
0101000110001011
8
0101001110001010
0
1001001111000000
5
1000101111000000
3
1000101010000000
6
0100101010000010
2
0100100010010000
7
0100100110010010
3
0100100010010011
7
0100100110011000
5
0101000110011010
1
0101000011001010
7
0101000111001010
5
0100100111001010
3
0100100010001010
0
0100100010011000
7
0100100110011001
5
0101000110011001
1
0101000011001001
7
0101000111001000
5
0100100111001010
3
0100100010001010
7
0100100110011000
5
0101000110011000
1
0101000011001010
7
0101000111001010
5
0100100111001010
3
0100100010001011
7
0100100110011010
3
0100100010011010
7
0100100110011001
5
0101000110011000
1
0101000011001010
7
0101000111001010
8
0101001111001010
6
0011001111001010
5
0010101111000010
3
0010101010000010
7
0010101110010000
5
0011001110010000
0
0011001110000000
0
0011001110000000
0
1001001111000000
5
1000101111000000
0
1000101111000000
3
1000101010000010
6
0100101010010001
2
0100100010010001
8
0100101010011010
0
0100101010011010
6
0010101010011000
4
0010100000010000
8
0010101000010010
6
0100101000010000
2
0100100010010010
8
0100101010010011
2
0100100010010011
8
0100101010011010
6
0010101010011000
4
0010100000010000
8
0010101000010001
6
0100101000010001
2
0100100010010001
0
0100100010011011
0
0100100010011010
0
0100100010011000
8
0100101010011011
2
0100100010011001
7
0100100110011000
5
0101000110011001
1
0101000011001000
7
0101000111001010
5
0100100111001010
3
0100100010001010
7
0100100110011000
5
0101000110011000
8
0101001110001000
6
0011001110001000
2
0011000110000010
0
0011000110000010
3
0011000010000010
4
0011000000000010
0
1001001111000000
5
1000101111000010
6
0100101111000011
3
0100101010000011
2
0100100010010001
0
0100100010011011
0
0100100010011000
8
0100101010011000
6
0010101010011000
4
0010100000010001
8
0010101000010001
6
0100101000010001
2
0100100010010001
0
0100100010011000
8
0100101010011000
6
0010101010011000
4
0010100000010011
8
0010101000010001
6
0100101000010001
2
0100100010010001
0
0100100010011000
8
0100101010011000
6
0010101010011010
4
0010100000010000
8
0010101000010000
6
0100101000010001
2
0100100010010001
7
0100100110011000
5
0101000110011000
1
0101000011001000
7
0101000111001010
5
0100100111001011
3
0100100010001010
8
0100101010011010
6
0010101010011000
7
0010101110010001
5
0011001110010001
4
0011000100000011
3
0011000000000011
2
0011000010000011
0
1001001111000000
0
1001001111000000
5
1000101111000010
6
0100101111000011
2
0100100111000011
3
0100100010001010
7
0100100110011000
5
0101000110011000
1
0101000011001000
7
0101000111001011
0
0101000111001010
5
0100100111001010
3
0100100010001011
0
0100100010011000
0
0100100010011000
7
0100100110011001
5
0101000110011010
1
0101000011001011
7
0101000111001010
5
0100100111001010
3
0100100010001010
0
0100100010011000
8
0100101010011010
6
0010101010011001
4
0010100000010001
8
0010101000010001
6
0100101000010001
2
0100100010010011
8
0100101010011000
6
0010101010011000
4
0010100000010001
8
0010101000010001
7
0010101100010001
5
0011001100010001
6
0101001100000001
2
0101000110000001
8
0101001110001000
6
0011001110001001
2
0011000110000001
1
0011000011000001
0
1001001111000000
5
1000101111000001
6
0100101111000001
2
0100100111000011
3
0100100010001010
0
0100100010011000
0
0100100010011010
0
0100100010011011
7
0100100110011001
5
0101000110011010
1
0101000011001010
7
0101000111001010
5
0100100111001010
3
0100100010001010
0
0100100010011010
0
0100100010011001
0
0100100010011000
0
0100100010011010
8
0100101010011001
2
0100100010011001
8
0100101010011010
6
0010101010011010
4
0010100000010000
8
0010101000010000
6
0100101000010000
2
0100100010010000
7
0100100110010000
5
0101000110010001
1
0101000011001000
7
0101000111001000
5
0100100111001001
8
0100101111001000
6
0010101111001001
1
0010101011000001
7
0010101111000101
1
0010101011000101
7
0010101111000100
5
0010011111000100
2
0010010111000000
3
0010010010000000
0
1001001111000000
6
0101001111000011
5
0100101111000011
0
0100101111000011
4
0100100101000011
1
0100100001100001
8
0100101001100100
6
1000101001100100
2
1000100011000110
8
1000101011000110
6
0100101011000110
4
0100100001000110
0
0100100001100101
0
0100100001100100
7
0100100101100100
5
0100010101100100
0
0100010101100000
3
0100010000100001
7
0100010100100001
5
0100100100100001
1
0100100001100001
0
0100100001100110
0
0100100001100100
7
0100100101100100
5
0100010101100101
3
0100010000100001
7
0100010100100001
5
0100100100100011
1
0100100001100011
8
0100101001100100
6
1000101001100100
2
1000100011000110
7
1000100111000110
5
1000010111000110
8
1000011111000011
6
0100011111000011
2
0100010111000011
8
0100011111001010
6
0010011111001010
0
0010011111000011
0
1001001111000000
5
1000101111000010
6
0100101111000010
3
0100101010000010
2
0100100010010000
7
0100100110010000
0
0100100110010000
0
0100100110010000
5
0101000110010001
1
0101000011001001
7
0101000111001000
5
0100100111001010
3
0100100010001011
0
0100100010011000
8
0100101010011000
6
0010101010011010
4
0010100000010000
8
0010101000010000
6
0100101000010000
2
0100100010010001
8
0100101010011000
6
0010101010011000
4
0010100000010001
8
0010101000010001
6
0100101000010001
2
0100100010010011
7
0100100110011010
3
0100100010011010
8
0100101010011010
6
0010101010011001
4
0010100000010001
8
0010101000010011
7
0010101100010001
5
0011001100010001
6
0101001100000011
4
0101000100000011
8
0101001100100001
6
1001001100100011
2
1001000110000011
0
1001000110000011
0
1001001111000000
5
1000101111000000
1
1000101011000000
6
0100101011000000
3
0100101010000000
7
0100101110000000
0
0100101110000000
4
0100100100000000
8
0100101100000000
4
0100100100000001
2
0100100110000001
8
0100101110001011
2
0100100110001011
3
0100100010001010
7
0100100110011000
5
0101000110011010
1
0101000011001010
7
0101000111001010
5
0100100111001011
3
0100100010001011
8
0100101010011001
2
0100100010011001
8
0100101010011000
6
0010101010011000
4
0010100000010011
8
0010101000010011
6
0100101000010001
2
0100100010010001
8
0100101010011011
2
0100100010011011
8
0100101010011000
6
0010101010011000
4
0010100000010010
7
0010100100010011
3
0010100000010011
7
0010100100010001
5
0011000100010001
2
0011000110000001
3
0011000010000001
4
0011000000000011
0
1001001111000000
0
1001001111000001
5
1000101111000001
6
0100101111000011
1
0100101011000011
4
0100100001000111
8
0100101001100100
6
1000101001100110
2
1000100011000110
8
1000101011000111
6
0100101011000110
4
0100100001000110
7
0100100101100110
5
0100010101100100
3
0100010000100011
7
0100010100100001
5
0100100100100001
1
0100100001100001
8
0100101001100100
6
1000101001100101
2
1000100011000100
8
1000101011000100
6
0100101011000101
7
0100101111000100
5
0100011111000110
4
0100010101000010
3
0100010000100000
7
0100010100100001
5
0100100100100001
1
0100100001100001
7
0100100101100100
5
0100010101100101
8
0100011101100011
4
0100010101100011
8
0100011101100001
6
1000011101100001
0
1000011101000001
3
1000011000000001
0
1000011000000001
7
1000011100000001
0
1001001111000000
0
1001001111000000
6
0101001111000000
4
0101000101000000
0
0101000101000000
5
0100100101000000
1
0100100001000001
8
0100101001000100
4
0100100001000100
7
0100100101000110
1
0100100001100100
8
0100101001100100
4
0100100001100100
0
0100100001100101
0
0100100001100110
0
0100100001100100
0
0100100001100101
0
0100100001100100
7
0100100101100101
1
0100100001100101
0
0100100001100100
0
0100100001100100
0
0100100001100110
8
0100101001100110
4
0100100001100110
8
0100101001100100
6
1000101001100100
2
1000100011000110
8
1000101011000110
6
0100101011000111
4
0100100001000110
8
0100101001100100
6
1000101001100100
7
1000101101000100
5
1000011101000100
2
1000010111000010
8
1000011111000011
6
0100011111000011
4
0100010101000011
8
0100011101100011
0
1001001111000000
5
1000101111000001
3
1000101010000001
1
1000101011000001
6
0100101011000100
7
0100101111000101
1
0100101011000111
4
0100100001000110
0
0100100001100100
0
0100100001100100
0
0100100001100101
8
0100101001100100
6
1000101001100111
2
1000100011000110
8
1000101011000110
6
0100101011000110
4
0100100001000110
7
0100100101100100
5
0100010101100101
3
0100010000100001
7
0100010100100001
5
0100100100100001
1
0100100001100011
7
0100100101100101
1
0100100001100101
0
0100100001100110
7
0100100101100100
5
0100010101100100
3
0100010000100000
7
0100010100100000
5
0100100100100000
8
0100101100100000
6
1000101100100000
3
1000101000000000
2
1000100010000000
8
1000101010000000
6
0100101010000000
2
0100100010000000
0
0100100010000011
7
0100100110011000
0
1001001111000000
5
1000101111000000
3
1000101010000001
6
0100101010000001
1
0100101011000001
7
0100101111000110
4
0100100101000111
1
0100100001100101
0
0100100001100100
0
0100100001100100
8
0100101001100100
4
0100100001100100
7
0100100101100100
5
0100010101100101
3
0100010000100001
7
0100010100100001
5
0100100100100011
1
0100100001100001
7
0100100101100110
5
0100010101100100
3
0100010000100000
7
0100010100100000
5
0100100100100000
1
0100100001100000
8
0100101001100001
6
1000101001100100
2
1000100011000101
8
1000101011000100
6
0100101011000111
4
0100100001000110
8
0100101001100100
6
1000101001100110
7
1000101101000110
5
1000011101000111
3
1000011000000011
7
1000011100000011
5
1000101100000011
1
1000101001000011
2
1000100011000110
7
1000100111000110
0
1001001111000000
6
0101001111000000
5
0100101111000000
2
0100100111000000
4
0100100101000000
2
0100100111000001
0
0100100111001000
3
0100100010001010
0
0100100010011011
0
0100100010011000
0
0100100010011010
0
0100100010011001
0
0100100010011000
0
0100100010011001
0
0100100010011000
8
0100101010011000
6
0010101010011001
4
0010100000010001
8
0010101000010001
6
0100101000010011
2
0100100010010001
8
0100101010011011
2
0100100010011001
8
0100101010011010
6
0010101010011000
4
0010100000010000
8
0010101000010010
6
0100101000010000
2
0100100010010000
7
0100100110010000
5
0101000110010011
1
0101000011001011
8
0101001011001010
6
0011001011001010
7
0011001111000010
5
0010101111000010
3
0010101010000010
7
0010101110010011
3
0010101010010011
7
0010101110010001
0
1001001111000000
5
1000101111000000
6
0100101111000000
1
0100101011000010
4
0100100001000010
0
0100100001100000
8
0100101001100000
6
1000101001100001
2
1000100011000100
8
1000101011000100
6
0100101011000100
4
0100100001000100
0
0100100001000110
7
0100100101100110
5
0100010101100100
3
0100010000100001
7
0100010100100001
5
0100100100100001
1
0100100001100011
0
0100100001100101
0
0100100001100100
0
0100100001100100
8
0100101001100100
6
1000101001100101
2
1000100011000100
8
1000101011000100
6
0100101011000100
4
0100100001000101
7
0100100101000100
5
0100010101000100
3
0100010000000001
2
0100010010000001
7
1001001111000000
6
0101001111000000
5
0100101111000000
0
0100101111000000
0
0100101111000000
1
0100101011000000
3
0100101010000000
1
0100101011000000
7
0100100011000000
3
0100100010000000
0
0100100010000011
8
0100101010011000
6
0010101010011001
4
0010100000010011
8
0010101000010001
6
0100101000010001
2
0100101000010011
2
0100101001010001
7
0100101101010100
5
0100101101010100
5
0100011101010110
3
0100011000010010
7
0100011100010010
5
0100101100010010
3
0100101000010010
2
0100100010010000
7
0100100110010001
5
0101000110011000
1
0101000011001000
7
0101000111001011
5
0100100111001010
3
0100100010001010
7
0100100110011011
3
0100100010011011
8
0100100000011011
8
0100101000111001
6
1000101000111011
2
1000100010011011
0
1000100010011001
7
1000100110011001
0
1001001111000000
6
0101001111000010
4
0101000101000010
8
0101001101100000
5
0100101101100011
4
0100100101100011
1
0100100001100001
0
0100100001100101
0
0100100001100100
8
0100101001100111
4
0100100001100111
0
0100100011100101
8
0100101011101100
6
0010101011101100
4
0010101011100110
4
0010100011100110
4
0010100001100111
8
0010101001100110
6
0100101001100110
4
0100100001100110
0
0100101001100101
6
1000101001100110
2
1000100011000110
8
1000101011000110
6
0100101011000110
4
0100100001000110
8
0100100001100111
7
0100100101100101
1
0100100001100111
7
0100100001100110
8
0100101001100110
4
0100101001100110
4
0100100001100110
7
0100100101100100
5
0100010101100110
8
0100011101100000
6
0100011101100000
6
0100011001100000
6
1000011001100001
7
1000011000000001
0
1001001111000000
5
1000101111000000
6
0100101111000000
0
0100101111000010
3
0100101010000011
2
0100100010010001
0
0100100010011001
8
0100101010011000
2
0100100010011000
0
0100100010011010
0
0100100010011000
8
0100101010011010
6
0100101010011000
6
0010101010011000
0
0010101110010000
5
0011001110010010
4
1001001111000000
6
0101001111000001
5
0100101111000001
1
0100100101000011
1
0100100001100001
8
0100101001100100
4
0100100001100100
8
0100100011100110
4
0100100001100110
0
0100100001100100
7
0100100101100100
5
0100010101100110
3
0100010000100001
7
0100010100100011
5
0100100100100011
1
0100100000100001
1
0100100001100001
8
0100101001100100
6
1000101001100110
2
1000100011000111
8
1000100011000110
8
1000101011000110
6
0100101011000110
4
0100100001000110
8
0100101001100100
6
1000101001100100
2
1000100011000110
8
1000101011000110
6
1000101111000110
5
0100101111000111
1
0100100111000111
5
1001001111000000
6
0101001111000010
5
0101000111000010
0
0101000111000010
5
0100100111000010
3
0100100010000010
7
0100100010010010
7
0100100110010000
5
0101000110010001
0
0101000100001010
8
0101000100101000
8
0101001100101011
6
0101001100101011
6
0101001100101011
6
0101000100101011
8
0101001100101001
6
1001001100101001
2
1001001000001011
2
1001000000001011
2
1001000010001011
8
1001001010001011
6
0101001010001011
2
0101001110001011
2
0011001110001011
1
0011001011000011
7
0011001111000011
5
0011000101000011
5
0011000101000011
5
0010100101000011
3
0010100000000011
8
0010101000010001
6
0010100010010001
7
0010100010010001
7
0010100110010001
5
0010100110010001
5
0010100100010011
3
0011000100010011
2
0011000110000011
0
0011000010000011
7
0011000010000011
0
1001001111000000
6
0101001111000000
4
0101001111000001
2
0101000111000001
5
0101000111001010
5
0100100111001010
3
0100100010001011
7
0100101010011001
2
0100100010011001
0
0100101010011000
6
0100101010011010
6
0010101010011000
4
0010101010010000
4
0010101010010000
4
0010101010010001
4
0010100000010001
8
0010101000010001
6
0010101000010011
6
0010101000010011
6
0010101001010001
7
0010101101010100
5
0010101000010100
7
0010101100010100
5
0011001100010100
1
0011001001000100
7
0011001000000100
1
0011000000000100
1
0011000001000101
7
0011000101000111
5
0011000101000111
5
0010100101000111
1
0010100101000111
1
0010100101000111
1
0010100001000111
7
0010100101000110
5
0010010101000111
8
0010010101000011
1
0010010111000011
8
0010011111000011
4
0010010101000011
0
1001001111000000
5
1000101111000001
6
0100101111000001
1
0100101011000011
4
0100100001000110
8
0100101001100100
6
1000101001100100
2
1000100011000101
8
1000101011000100
6
0100101011000100
4
0100100001000100
8
0100101001000100
4
0100101001000110
4
0100100001000110
8
0100100001100100
0
0100100001100100
0
0100100001100100
0
0100100001100110
0
0100100001100101
8
0100100001100100
0
0100100001100101
0
0100100001100100
7
0100100001100100
8
0100101001100110
4
0100100001100111
7
0100100101100110
5
0100010101100101
3
0100010111100001
8
0100010111101000
8
0100010010101011
8
0100010010101010
8
0100010000101010
8
0100011000101000
6
1000011000101001
2
1000010010001001
8
1000011010001001
6
0100011010001001
2
0100011011001001
2
0100010011001001
3
0100010010001010
0
1001001111000000
6
0101001111000000
2
0101000111000000
5
0101000101000011
5
0100100101100001
8
0100101101100011
4
0100100101100011
1
0100100001100001
0
0100100001100100
8
0100101001100100
6
1000101001100111
2
1000100011000110
0
1000100011000111
8
1000101011000110
6
0100101011000110
4
0100100001000110
0
0100100101100100
5
0100100001100100
0
0100100001100100
8
0100100011100100
4
0100100001100110
0
0100100001100100
0
0100100001100100
7
0100100101100100
5
0100101101100101
1
0100100101100101
1
0100100101100111
1
0100100101100101
1
0100100001100111
7
0100100101100100
5
0100100000100100
1
0100100001100100
7
0100100101100110
5
0100100101100100
5
0100010101100110
8
0100011101100010
4
0100011101100010
4
0100010101100011
1
0100010101100011
1
0100010001100011
0
1001001111000000
0
1001001011000001
6
1001001111000001
5
1000101111000011
6
0100101111000011
2
0100100111000011
3
0100100010001011
0
0100100110011000
5
0101000110011000
1
0101000011001000
7
0101000010001000
1
0101000010001000
1
0101000011001000
7
0101000010001000
1
0101000010001000
1
0101000011001000
7
0101000011001000
7
0101000001001000
2
0101000011001000
7
0101000011001000
7
0101000111001001
5
0100100111001011
3
0100100010001010
7
0100100110011000
5
0100100110011001
5
0101000110011011
1
0101000011001011
7
0101000111001010
5
0100100111001010
3
0100100010001011
7
0100101010011000
6
0010101010011000
4
0010100000010000
7
0010100100010000
5
0011000100010010
8
0011000000000010
8
0011000000000010
7
0011000000000010
0
0011000100000010
0
0011000100000011
0
1001001111000000
6
1001000101000000
5
1001001101000010
5
1000101101000010
3
1000100101000010
2
1000100111000010
3
1000100010000010
7
1000100000010010
8
1000100000010000
2
1000100010010000
8
1000100010010000
8
1000101010010000
6
0100101010010000
2
0100100010010000
7
0100100110010000
5
0100100100010010
5
0101000100110001
1
0101000100100001
1
0101000001100011
7
0101001001100001
6
0101001001100001
6
0101001001100001
6
0101001101100011
4
0101000101100011
5
0101000111100001
8
0100100111101010
8
0100010111101010
8
0100010010101010
8
0100011010101010
6
0010011010101010
4
0010010000100011
8
0010010000100011
8
0010010010100011
4
0010010110100011
4
0010010110100011
4
0010010100100011
8
0010011100100011
6
0100011100100011
4
0100101100100011
4
0100100100100011
0
1001001111000000
5
1000101111000010
0
1000101111000010
3
1000101010000010
6
1000101010010000
6
0100101010010000
7
0100101110010010
3
0100101010010011
2
0100100010010001
0
0100100010011010
7
0100100110011010
3
0100100010011010
0
0100100010011000
0
0100100010011000
0
0100100110011010
3
0100100010011011
8
0100100010011001
0
0100100010011010
7
0100100010011000
0
0100100010011000
0
0100100010011000
0
0100100010011001
8
0100100010011010
7
0100100011011000
3
0100100010011000
8
0100101010011010
6
0010101010011000
4
0010100000010000
8
0010100000010011
8
0010101000010001
6
0010101001010001
7
0010101101010110
5
0010101101010110
5
0100101101010110
5
0100011101010110
3
0100011101010010
3
0100011000010010
4
0100010000010011
7
0100010100110001
8
0100011100110001
0
1001001111000000
5
1000101111000001
6
1000011111000001
6
0100011111000001
3
0010011111000001
4
0010010101000011
8
0010010101000011
8
0010010111000011
3
0010010011000011
7
0010010001000011
8
0010010001000011
8
0010010101000011
8
0010010111000011
4
0010010101000011
8
0010011101000011
6
0100011101000011
3
0100011101000011
3
0100011000000011
7
0100010010000011
7
0100010110001010
5
0100011110001010
6
0010011110001010
5
0010101110000010
3
0010100100000010
3
0010101100000011
6
0100101100000011
2
1000101100000011
1
1000101001000011
2
1000101001000110
2
1000100011000110
8
1000101011000110
6
0100101011000110
7
0100101111000110
5
0100101111000110
5
0100011111000110
4
0100010101000010
8
0100011101100000
6
1000011101100001
3
1000011101000011
0
1000011101000011
0
1001001111000000
5
0101001111000000
5
0101001010000000
7
0011001010000001
1
0011001011000011
4
0011001011000011
7
0011001111000011
5
0011001011000011
0
0011001011000011
4
0011000001000011
8
0011001001000011
6
0101001001000011
7
0101001101000011
5
0101000111000011
5
0101001111001010
5
0100101111001010
3
0100101010001010
6
0100101010011000
6
0010101010011010
4
0010101011010011
7
0010101111010111
5
0010101011010111
7
0010101011010110
7
0010101111010111
5
0010011111010111
3
0010011010010011
7
0010011110010011
5
0010011010010011
7
0010011110010011
5
0010010100010011
5
0010011100010011
5
0010101100010011
3
0010101000010011
7
0010101100010001
5
0010101100010001
5
0010100100010011
3
0010100000010011
7
0010101000010001
2
0010100010010001
7
0010100110010001
0
1001001111000000
6
0101001111000001
0
0101000111000001
5
0100100111001001
0
0100100010001000
0
0100100010001000
0
0100100011001010
3
0100100010001010
7
0100100010011000
0
0100100010011010
8
0100101010011010
6
0010101010011000
4
0010100000010000
8
0010101000010000
6
0010100010010000
4
0010100000010000
8
0010101000010010
6
0010100010010000
4
0010100000010000
8
0010101000010011
6
0100101000010001
2
0100100010010011
8
0100100010011000
7
0100101010011000
6
0010101010011000
4
0010100000010000
8
0010100100010000
5
0011000100010001
8
0011000000000001
8
0011001000000001
6
0101001000000011
4
0101000000000011
8
0101001000100011
4
0101001100100011
4
0101000100100011
8
0101001100100001
6
1001001100100001
3
1001001000000001
2
1001000010000001
4
1001000010000011
0
