-4485
-4255
-7570
-4185
-8860
-4215
-4260
-7485
-10955
-4315
-11800
-10635
-9245
-7825
-11240
-8265
-7850
-9225
-10340
-4480
-8835
-11800
-5760
-4220
-7840
-4240
-7725
-10735
-4285
-13545
-4315
-4250
-6535
-5270
-9710
-9245
-12615
-16460
-6835
-10965
-9320
-8120
-16665
-6115
-13555
-15495
-13555
-4340
-6295
-18690
-4325
-4185
-6620
-12075
-7580
-7220
-15150
-10450
-11520
-7990
-4345
-10495
-9635
-13140
-6355
-11185
-4195
-13605
-9680
-7900
-5140
-4345
-11530
-5615
-10260
-12815
-8020
-12865
-11435
-13310
-6750
-10770
-4440
-15760
-15550
-4245
-5340
-4295
-4260
-10960
-14350
-8515
-16600
-4475
-4425
-6135
-11605
-4255
-14200
-12880
