1001001111000000
6
0101001111000001
2
0101000111001000
5
0100100111001000
8
0100101111001000
6
0010101111001000
3
0010101010000000
1
0010101011000000
4
0010100001000000
8
0010101001000010
6
0100101001000010
4
0100100001000011
8
0100101001100100
6
1000101001100100
7
1000101101000100
5
1000011101000100
2
1000010111000000
8
1000011111000000
0
1000011111000000
6
0100011111000000
1
0100011011000010
4
0100010001000010
8
0100011001100000
6
1000011001100000
3
1000011000000000
7
1000011100000000
5
1000101100000000
0
1000101100000000
3
1000101000000000
2
1000100010000001
1
1000100011000001
7
1000100111000101
1
1000100011000111
7
1000100111000110
5
1000010111000110
8
1000011111000010
6
0100011111000010
4
0100010101000010
1
0100010001100000
0
1001001111000000
5
1000101111000000
2
1000100111000000
8
1000101111000010
6
0100101111000010
3
0100101010000010
7
0100101110010001
5
0101001110010001
2
0101000110000001
8
0101001110001000
6
0011001110001000
1
0011001011000000
7
0011001111000000
4
0011000101000000
5
0010100101000000
8
0010101101000000
1
0010101001000000
7
0010101101000000
6
0100101101000000
1
0100101001000001
7
0100101101000100
5
0100011101000100
3
0100011000000000
0
0100011000000001
2
0100010010000001
8
0100011010001000
6
0010011010001000
7
0010011110000010
5
0010101110000010
3
0010101010000010
7
0010101110010000
5
0011001110010010
4
0011000100000010
8
0011001100000011
6
0101001100000011
2
0101000110000011
8
0101001110001010
6
0011001110001010
3
0011001010000010
0
0011001010000010
0
1001001111000000
5
1000101111000000
6
0100101111000000
3
0100101010000010
2
0100100010010000
7
0100100110010000
5
0101000110010000
1
0101000011000000
7
0101000111000010
4
0101000101000010
0
0101000101100010
0
0101000101100000
8
0101001101100010
4
0101000101100010
8
0101001101100000
5
0100101101100000
6
1000101101100000
2
1000100111000000
8
1000101111000000
6
0100101111000000
4
0100100101000000
2
0100100111000000
4
0100100101000000
1
0100100001000000
0
0100100001000000
0
0100100001000000
7
0100100101000000
1
0100100001000000
0
0100100001000000
0
0100100001000000
0
0100100001000000
0
0100100001000000
0
0100100001000000
0
0100100001000010
8
0100101001100000
6
1000101001100011
7
1000101101000110
5
1000011101000110
1
1000011001000010
3
1000011000000010
0
1001001111000000
6
0101001111000000
5
0100101111000000
2
0100100111000000
3
0100100010000000
1
0100100011000000
8
0100101011000000
0
0100101011000000
0
0100101011000000
0
0100101011000000
3
0100101010000001
2
0100100010000001
0
0100100010001000
8
0100101010001000
6
0010101010001000
2
0010100010000000
1
0010100011000000
4
0010100001000001
7
0010100101000100
5
0010010101000100
3
0010010000000000
8
0010011000000000
6
0100011000000001
2
0100010010000001
8
0100011010001000
6
0010011010001000
7
0010011110000000
5
0010101110000000
1
0010101011000000
4
0010100001000000
8
0010101001000000
6
0100101001000000
4
0100100001000010
8
0100101001100000
0
1001001111000000
6
0101001111000000
5
0100101111000001
1
0100101011000001
7
0100101111000100
5
0100011111000100
4
0100010101000000
3
0100010000000000
7
0100010100000000
5
0100100100000000
1
0100100001000000
0
0100100001000000
8
0100101001000000
0
0100101001000000
4
0100100001000000
8
0100101001000010
3
0100101000000010
7
0100101100010000
5
0101001100010000
4
0101000100000000
0
0101000100000000
1
0101000001000000
7
0101000101000000
5
0100100101000000
8
0100101101000000
3
0100101000000000
2
0100100010000001
8
0100101010001000
6
0010101010001000
4
0010100000000000
8
0010101000000000
6
0100101000000001
2
0100100010000001
8
0100101010001000
6
0010101010000000
1
0010101011000000
2
0010100011000000
0
1001001111000000
0
1001001111000000
6
0101001111000010
0
0101001111000010
4
0101000101000010
8
0101001101100000
5
0100101101100000
6
1000101101100000
1
1000101001000000
2
1000100011000000
8
1000101011000000
6
0100101011000000
0
0100101011000001
7
0100101111000100
5
0100011111000100
3
0100011010000000
7
0100011110000000
4
0100010100000000
2
0100010110000010
4
0100010100000010
8
0100011100100000
6
1000011100100000
4
1000010100000000
5
1000100100000000
0
1000100100000000
3
1000100000000000
1
1000100001000000
2
1000100011000000
8
1000101011000001
7
1000101111000100
5
1000011111000100
6
0100011111000001
2
0100010111000001
8
0100011111001000
6
0010011111001000
3
0010011010000000
7
0010011110000000
5
0010101110000000
1
0010101011000000
4
0010100001000000
0
1001001111000000
5
1000101111000000
6
0100101111000000
3
0100101010000000
2
0100100010000000
0
0100100010000000
7
0100100110000010
3
0100100010000010
7
0100100110010000
5
0101000110010000
1
0101000011000000
7
0101000111000000
5
0100100111000000
4
0100100101000000
1
0100100001000000
7
0100100101000000
8
0100101101000000
0
0100101101000000
3
0100101000000000
0
0100101000000000
2
0100100010000000
7
0100100110000000
5
0101000110000000
1
0101000011000000
7
0101000111000000
5
0100100111000000
8
0100101111000000
4
0100100101000000
1
0100100001000010
8
0100101001100000
6
1000101001100010
3
1000101000000010
7
1000101100010000
5
1001001100010000
1
1001001001000000
0
1001001001000000
2
1001000011000000
0
1001001111000000
6
0101001111000000
5
0100101111000010
4
0100100101000010
8
0100101101100000
3
0100101000100000
6
1000101000100001
1
1000101001000001
2
1000100011000100
7
1000100111000101
1
1000100011000101
7
1000100111000101
1
1000100011000111
8
1000101011000110
7
1000101111000111
1
1000101011000111
6
0100101011000110
4
0100100001000110
8
0100101001100100
6
1000101001100100
7
1000101101000100
5
1000011101000100
2
1000010111000000
8
1000011111000000
6
0100011111000000
3
0100011010000000
7
0100011110000001
2
0100010110000001
8
0100011110001001
2
0100010110001001
8
0100011110001000
6
0010011110001000
5
0010101110000001
1
0010101011000011
7
0010101111000110
5
0010011111000110
2
0010010111000010
1
0010010011000010
3
0010010010000010
1
0010010011000010
0
1001001111000000
6
0101001111000000
1
0101001011000000
4
0101000001000000
7
0101000101000000
5
0100100101000000
1
0100100001000000
8
0100101001000000
4
0100100001000000
8
0100101001000000
3
0100101000000000
0
0100101000000000
1
0100101001000000
7
0100101101000001
1
0100101001000001
7
0100101101000100
5
0100011101000100
3
0100011000000000
0
0100011000000000
1
0100011001000000
3
0100011000000000
4
0100010000000000
7
0100010100000000
5
0100100100000000
1
0100100001000000
8
0100101001000000
3
0100101000000000
2
0100100010000010
7
0100100110010000
5
0101000110010010
8
1001001111000000
5
1000101111000001
1
1000101011000001
7
1000101111000101
1
1000101011000101
6
0100101011000100
7
0100101111000100
5
0100011111000111
3
0100011010000011
7
0100011110000011
4
0100010100000011
5
0100100100100001
1
0100100001100001
8
0100101001100100
6
1000101001100110
2
1000100011000110
8
1000101011000110
6
0100101011000111
4
0100100001000110
8
0100101001100110
4
0100100001100110
7
0100100101100100
5
0100010101100100
8
0100011101100000
6
1000011101100000
1
1000011001000000
2
1000010011000000
8
1000011011000000
6
0100011011000000
4
0100010001000000
0
0100010001000000
3
0100010000000000
7
0100010100000000
5
0100100100000000
1
0100100001000010
8
0100101001100001
6
1000101001100100
7
1000101101000110
5
1000011101000110
4
1001001111000000
5
1000101111000000
6
0100101111000000
1
0100101011000000
4
0100100001000001
7
0100100101000100
5
0100010101000100
0
0100010101000000
3
0100010000000010
8
0100011000100000
6
1000011000100000
7
1000011100000001
5
1000101100000001
1
1000101001000001
7
1000101101000100
5
1000011101000100
2
1000010111000000
8
1000011111000000
6
0100011111000010
4
0100010101000010
8
0100011101100000
6
1000011101100000
3
1000011000000000
7
1000011100000000
2
1000010110000000
5
1000100110000000
8
1000101110000000
6
0100101110000000
1
0100101011000000
4
0100100001000000
2
0100100011000001
0
1001001111000000
6
0101001111000000
2
0101000111000000
5
0100100111000000
0
0100100111000000
0
0100100111000000
8
0100101111000000
3
0100101010000000
0
0100101010000000
0
0100101010000000
7
0100101110000000
2
0100100110000000
0
0100100110000000
4
0100100100000000
3
0100100000000010
7
0100100100110000
5
0101000100110000
8
0101001100100000
1
0101001001100000
6
1001001001100010
7
1001001101000011
5
1000101101000011
3
1000101000000011
7
1000101100010011
3
1000101000010011
7
1000101100010001
5
1001001100010001
1
1001001001000001
7
1001001101000001
5
1000101101000001
1
1000101001000001
7
1000101101000100
5
1000011101000100
2
1000010111000000
8
1000011111000000
6
0100011111000000
2
0100010111000000
3
0100010010000000
1
0100010011001000
0
1001001111000000
6
0101001111000000
5
0100101111000000
0
0100101111000001
2
0100100111000001
3
0100100010001000
8
0100101010001000
6
0010101010001000
1
0010101011000010
4
0010100001000010
3
0010100000000010
7
0010100100010000
5
0011000100010000
8
0011001100000000
6
0101001100000000
3
1001001111000000
6
0101001111000000
2
0101000111000000
8
0101001111000010
5
0100101111000010
3
0100101010000010
7
0100101110010001
5
0101001110010001
2
0101000110000001
8
0101001110001000
6
0011001110001000
4
0011000100000000
8
0011001100000000
6
0101001100000001
2
0101000110000001
8
0101001110001000
6
0011001110001000
1
0011001011000000
7
0011001111000000
5
0010101111000000
4
0010100101000000
8
0010101101000000
0
0010101101000000
6
0100101101000000
4
0100100101000000
2
0100100111000000
1
0100100011000000
3
0100100010000010
7
0100100110010000
5
0101000110010000
1
0101000011000000
7
0101000111000000
5
0100100111000000
3
0100100010000001
8
0100101010001000
6
0010101010001000
2
0010100010000000
0
0010100010000000
1
0010100011000000
0
1001001111000000
6
0101001111000000
5
0100101111000000
4
0100100101000000
2
0100100111000000
3
0100100010000001
8
0100101010001000
0
0100101010001000
6
0010101010001000
4
0010100000000000
7
0010100100000000
1
0010100001000000
8
0010101001000001
7
0010101101000101
1
0010101001000101
7
0010101101000100
5
0010011101000110
6
0100011101000010
4
0100010101000010
8
0100011101100000
6
1000011101100000
3
1000011000000000
1
1000011001000000
3
1000011000000000
7
1000011100000011
5
1000101100000011
1
1000101001000011
7
1000101101000110
5
1000011101000110
2
1000010111000010
8
1000011111000010
6
0100011111000010
4
0100010101000010
8
0100011101100000
6
1000011101100000
3
1000011000000000
7
1000011100000000
5
1000101100000010
3
1000101000000010
2
1000100010010000
0
1001001111000000
5
1000101111000000
6
0100101111000000
1
0100101011000000
7
0100101111000000
1
0100101011000000
7
0100101111000001
1
0100101011000001
7
0100101111000100
5
0100011111000100
3
0100011010000000
7
0100011110000000
0
0100011110000000
2
0100010110000000
3
0100010010000000
8
0100011010000010
4
0100010000000010
8
0100011000100000
6
1000011000100000
2
1000010010000000
7
1000010110000000
0
1000010110000000
5
1000100110000000
3
1000100010000010
7
1000100110010000
5
1001000110010000
8
1001001110000000
6
0101001110000000
2
0101000110000000
1
0101000011000000
7
0101000111000000
5
0100100111000000
3
0100100010000000
0
0100100010000000
0
0100100010000000
0
0100100010000001
8
0100101010001000
6
0010101010001000
0
0010101010000000
7
0010101110000000
0
1001001111000000
6
0101001111000000
5
0100101111000000
1
0100101011000000
0
0100101011000010
4
0100100001000010
0
0100100001100000
8
0100101001100000
6
1000101001100000
0
1000101001000001
2
1000100011000100
8
1000101011000100
7
1000101111000100
5
1000011111000100
6
0100011111000000
4
0100010101000010
8
0100011101100010
4
0100010101100010
8
0100011101100010
4
0100010101100010
8
0100011101100000
6
1000011101100000
2
1000010111000001
8
1000011111000001
6
0100011111000001
2
0100010111000001
8
0100011111001000
6
0010011111001000
3
0010011010000010
7
0010011110000010
5
0010101110000010
3
0010101010000011
7
0010101110010001
5
0011001110010001
1
0011001011000011
7
0011001111000011
5
0010101111000011
3
0010101010000011
0
0010101010010001
4
0010100000010001
0
1001001111000000
5
1000101111000001
1
1000101011000001
7
1000101111000100
5
1000011111000100
6
0100011111000000
3
0100011010000000
4
0100010000000000
8
0100011000000000
1
0100011001000000
2
0100010011000001
3
0100010010001000
8
0100011010001000
6
0010011010001000
4
0010010000000010
8
0010011000000010
6
0100011000000010
4
0100010000000010
8
0100011000100000
6
1000011000100000
7
1000011100000000
5
1000101100000001
1
1000101001000001
7
1000101101000100
5
1000011101000110
3
1000011000000010
7
1000011100000010
5
1000101100000010
3
1000101000000010
7
1000101100010000
5
1001001100010000
1
1001001001000001
7
1001001101000001
5
1000101101000001
1
1000101001000001
7
1000101101000100
5
1000011101000100
3
1000011000000000
0
1000011000000000
1
1000011001000000
0
1001001111000000
5
1000101111000010
3
1000101010000010
7
1000101110010000
5
1001001110010000
1
1001001011000000
6
0101001011000000
7
0101001111000000
5
0100101111000000
1
0100101011000000
0
0100101011000010
4
0100100001000010
8
0100101001100000
6
1000101001100000
2
1000100011000000
0
1000100011000000
8
1000101011000000
0
1000101011000000
7
1000101111000000
1
1000101011000000
6
0100101011000000
4
0100100001000000
7
0100100101000000
1
0100100001000001
7
0100100101000100
5
0100010101000100
1
0100010001000000
3
0100010000000001
2
0100010010000001
8
0100011010001000
6
0010011010001000
7
0010011110000000
5
0010101110000000
3
0010101010000000
4
0010100000000000
8
0010101000000000
6
0100101000000000
2
0100100010000000
7
0100100110000000
0
1001001111000000
5
1000101111000000
3
1000101010000000
7
1000101110000000
6
0100101110000000
3
0100101010000000
7
0100101110000000
0
0100101110000000
4
0100100100000000
3
0100100000000000
2
0100100010000000
8
0100101010000000
0
0100101010000010
7
0100101110010000
5
0101001110010001
2
0101000110000001
8
0101001110001000
6
0011001110001000
1
0011001011000000
7
0011001111000000
5
0010101111000000
4
0010100101000000
0
0010100101000000
0
0010100101000000
8
0010101101000000
1
0010101001000000
6
0100101001000000
0
0100101001000000
4
0100100001000010
8
0100101001100000
6
1000101001100000
2
1000100011000000
8
1000101011000000
6
0100101011000000
4
0100100001000000
0
0100100001000000
0
0100100001000000
0
0100100001000000
0
0100100001000000
3
0100100000000000
0
1001001111000000
6
0101001111000000
4
0101000101000000
0
0101000101000000
1
0101000001000000
2
0101000011000000
7
0101000111000000
5
0100100111000000
8
0100101111000000
2
0100100111000000
3
0100100010000000
0
0100100010000000
7
0100100110000000
0
0100100110000000
8
0100101110000000
4
0100100100000000
0
0100100100000000
0
0100100100000010
8
0100101100100000
6
1000101100100000
2
1000100110000000
8
1000101110000010
3
1000101010000010
7
1000101110010000
5
1001001110010000
6
0101001110000001
2
0101000110000001
8
0101001110001000
6
0011001110001000
4
0011000100000000
8
0011001100000001
6
0101001100000001
2
0101000110000001
8
0101001110001000
6
0011001110001000
4
0011000100000001
8
0011001100000001
6
0101001100000001
2
0101000110000001
1
0101000011001000
0
1001001111000000
5
1000101111000000
6
0100101111000000
3
0100101010000000
2
0100100010000000
4
0100100000000000
0
0100100000000000
7
0100100100000000
8
0100101100000010
4
0100100100000010
8
0100101100100001
6
1000101100100001
1
1000101001000001
7
1000101101000100
5
1000011101000100
3
1000011000000000
4
1000010000000000
2
1000010010000000
7
1000010110000000
5
1000100110000000
8
1000101110000000
2
1000100110000000
8
1000101110000000
6
0100101110000000
3
0100101010000000
2
0100100010000000
8
0100101010000000
2
0100100010000000
0
0100100010000000
0
0100100010000000
0
0100100010000000
0
0100100010000000
0
0100100010000000
0
0100100010000010
7
0100100110010000
5
0101000110010000
1
0101000011000000
7
0101000111000000
5
0100100111000010
0
1001001111000000
6
0101001111000000
2
0101000111000000
0
0101000111000000
5
0100100111000000
8
0100101111000000
1
0100101011000000
4
0100100001000000
8
0100101001000000
4
0100100001000000
0
0100100001000000
0
0100100001000000
0
0100100001000000
0
0100100001000000
0
0100100001000000
7
0100100101000000
1
0100100001000001
7
0100100101000100
5
0100010101000100
3
0100010000000000
0
0100010000000010
8
0100011000100000
6
1000011000100000
7
1000011100000000
5
1000101100000000
0
1000101100000000
3
1000101000000000
0
1000101000000001
1
1000101001000001
7
1000101101000100
5
1000011101000100
2
1000010111000000
8
1000011111000000
6
0100011111000000
4
0100010101000000
3
0100010000000001
2
0100010010000001
8
0100011010001000
6
0010011010001000
4
0010010000000000
0
1001001111000000
5
1000101111000000
6
0100101111000001
2
0100100111000001
8
0100101111001000
6
0010101111001000
4
0010100101000000
1
0010100001000000
8
0010101001000000
0
0010101001000000
7
0010101101000000
6
0100101101000000
3
0100101000000001
2
0100100010000001
8
0100101010001010
6
0010101010011000
4
0010100000010000
7
0010100100010000
5
0011000100010000
8
0011001100000000
6
0101001100000001
2
0101000110000001
8
0101001110001000
6
0011001110001010
1
0011001011000010
7
0011001111000010
5
0010101111000010
3
0010101010000010
7
0010101110010000
5
0011001110010000
1
0011001011000000
7
0011001111000000
5
0010101111000001
1
0010101011000001
7
0010101111000100
5
0010011111000100
4
0010010101000000
2
0010010111000000
4
0010010101000000
1
0010010001000010
0
1001001111000000
6
0101001111000000
5
0100101111000000
1
0100101011000000
7
0100101111000000
1
0100101011000000
4
0100100001000000
8
0100101001000000
7
0100101101000000
2
0100100111000000
0
0100100111000000
4
0100100101000000
8
0100101101000000
4
0100100101000000
2
0100100111000000
1
0100100011000000
3
0100100010000000
8
0100101010000000
1
0100101011000001
7
0100101111000100
5
0100011111000100
3
0100011010000000
2
0100010010000000
7
0100010110000000
5
0100100110000000
0
0100100110000000
3
0100100010000000
8
0100101010000000
2
0100100010000000
7
0100100110000000
3
0100100010000000
0
0100100010000000
0
0100100010000000
0
0100100010000001
8
0100101010001000
6
0010101010001000
0
0010101010000000
2
0010100010000000
4
0010100000000000
1
0010100001000000
0
1001001111000000
5
1000101111000001
1
1000101011000001
6
0100101011000100
0
0100101011000100
4
0100100001000100
7
0100100101000100
5
0100010101000100
1
0100010001000000
3
0100010000000000
7
0100010100000000
0
0100010100000000
8
0100011100000000
2
0100010110000000
5
0100100110000000
4
0100100100000000
1
0100100001000000
7
0100100101000001
1
0100100001000001
7
0100100101000100
5
0100010101000100
2
0100010111000000
3
0100010010000000
7
0100010110000000
5
0100100110000000
3
