101110000
3
100110100
4
110111110
8
111001001
5
011011000
3
011011100
3
011101100
3
011101010
3
011111110
5
101010101
3
010101110
7
011101100
3
011101110
0
011101110
0
011101110
0
011100111
7
011100110
7
011101111
9
111100101
1
110101011
0
011101011
5
011110011
4
111101111
5
101010101
3
010101110
7
011101110
0
011101110
0
011101110
0
011101111
9
011100101
5
010101010
5
010111010
0
111101111
5
101010101
5
010101011
9
010101111
5
011111101
2
101100110
5
010110110
0
110001110
0
101110000
2
110110100
5
110010110
6
110101110
7
111001110
6
011101011
5
011100011
5
010110010
0
110111110
8
111001101
3
111101011
3
101100110
7
010100110
5
000110110
7
011110110
6
111010110
4
111001110
6
011001011
5
011000011
5
000010000
2
000000100
3
000000100
0
000101000
4
000001000
6
001000001
5
000010000
6
000100000
0
001000000
3
000000100
0
000000000
0
000001000
5
001000000
5
000010000
5
100000010
0
000000010
5
000010000
5
000011000
5
000010000
5
000000011
0
000000000
0
101110000
2
100110010
4
100110110
5
110010110
5
110001111
6
010101011
9
110101011
0
110101011
0
110101011
0
110101011
0
110101011
0
110101011
0
110101010
1
110101011
0
110101011
0
110101011
0
110101010
1
110100111
5
110001110
5
010011010
0
011111011
8
101100101
5
011100010
5
010110000
1
110110001
1
110101011
0
110100001
5
110110000
1
110110001
1
110101110
5
110010111
5
110000111
5
100001011
5
000011011
6
000111010
0
010111111
4
111001101
3
011101110
0
011101100
0
011101010
0
101110000
2
100111000
1
100110011
0
110101111
7
111001101
3
011101110
0
011101110
0
011101110
0
011101110
0
011101110
0
011101110
0
011101110
0
011101110
0
011101110
0
011101110
0
011101110
0
011101111
9
111100101
1
110101011
0
110101011
0
110101011
0
110101011
0
110101011
0
110101011
0
110101011
0
110101011
0
110101011
0
110101011
0
110101011
0
110101011
0
110101011
0
110101011
0
110101011
0
110101011
0
111101011
3
101100011
5
010111010
0
111101111
5
101010001
0
010011000
0
101110000
2
101110010
0
100101110
4
010101110
7
011101110
0
011101110
0
011101111
9
011100101
3
010101110
7
010101110
7
011101110
0
011101110
0
011101110
0
011001110
3
111001110
6
011101010
3
011101110
0
011101110
0
011101110
0
011101110
0
010101110
7
010101111
5
110101111
7
111001101
3
011101011
5
011110011
4
111101111
5
101011101
2
001101010
5
010101010
5
010111010
0
111001111
5
011010011
5
011110011
0
111100111
5
110110110
6
110001110
5
010011010
0
011111011
0
101100101
0
101110000
2
100110010
4
111110110
5
101010110
6
000101111
5
000111101
7
010101101
5
010111000
0
111101010
5
101111010
8
101101111
5
000111101
5
010111101
0
111101111
5
101010101
3
010101110
7
110101110
5
110001110
5
010011010
0
011111011
2
101100111
7
010101110
7
011101110
0
011101110
0
011101110
0
010101110
7
011101110
0
111101110
1
100001111
9
100101011
0
010101011
9
110101111
7
110001101
7
011101010
3
011101010
3
011111010
0
101100111
7
011101110
0
011101110
0
011101110
0
101110000
3
110110100
5
110001110
5
010011010
0
011111011
8
101100101
5
011100010
5
010111000
0
110111010
0
101001111
9
110101011
0
110101011
0
110101111
7
111001101
3
011101110
0
011101111
9
111100101
1
110101011
0
110101111
7
111001100
3
011111000
5
111101010
5
101111010
8
111101111
5
101010101
5
010110010
0
111111110
5
101010101
5
111101011
3
101100111
7
011001110
3
011101110
0
011101110
0
011101110
0
011101110
0
011100110
7
011101110
0
011101110
0
011101110
0
011101110
0
101110000
2
100100001
6
000110100
7
000110100
7
001110110
7
011101010
3
011101110
0
011101110
0
111101110
1
101001110
7
011101010
3
011101110
0
011101110
0
011101010
3
011101110
0
011101110
0
011101110
0
001101110
7
011101110
0
011101110
0
011101110
0
011101110
0
011101110
0
011101110
0
011101110
0
011101110
0
011101110
0
011101111
9
111100001
1
110101000
5
110100000
1
110110001
1
111101010
5
001101010
5
010001010
7
001011000
3
011011010
4
011101011
5
011110001
0
111100010
0
101110000
2
100110000
1
110110110
5
110001110
5
010011010
0
011111011
2
101100111
7
011101100
3
111101110
1
101001110
9
110101010
1
110101011
0
110101011
0
110101011
0
110101011
0
110101010
1
110101011
0
100101011
9
110101011
0
110101011
0
110100011
1
110101011
0
110101011
0
110101011
0
100101011
9
110101011
0
110101001
1
110101011
0
110101010
1
110101010
1
110101011
0
110101011
0
110101011
0
101101011
5
000111010
0
010111111
4
111001101
3
011111010
0
101100111
0
010101110
0
101110000
4
100111000
1
100110011
0
110101011
0
110101111
7
111001101
3
011101110
0
011101100
3
011101110
0
011101110
0
001101110
7
011101110
0
011101110
0
011101110
0
011101100
3
011101110
0
111101110
1
001001111
5
001001011
5
001011011
5
011000111
5
001100010
6
001110000
9
110010000
1
110110001
1
111101010
5
101101011
9
100101011
9
010100010
8
001110000
6
010110000
1
010110000
1
111110000
5
101111001
8
111101001
5
100111010
0
100101111
2
010101111
5
010101101
0
010101000
0
101110000
8
110110000
1
111110000
5
101111000
8
111101010
5
101101010
5
000101010
6
000110010
7
001010110
8
000110110
7
001110110
7
011101100
3
011101110
0
011101110
0
011101110
0
011101100
3
011101010
3
011101110
0
011101110
0
011101110
0
011101110
0
010101110
7
110101110
5
110011110
0
111001111
5
011010011
5
011100011
5
010110010
0
100111111
5
100011100
4
010111010
0
111101111
5
101010101
3
011101010
3
011101110
0
011101111
9
111100101
1
110101010
5
110111010
0
101001111
0
101110000
2
100110010
4
110111010
0
101001110
3
010111010
0
111101111
5
101001101
5
010011010
0
001111011
5
000100111
5
000110110
7
001110100
4
010111110
0
111001101
3
011101110
0
011101111
9
111100101
1
110101011
0
110101011
0
110101011
0
110101011
0
110101011
0
110101011
0
110101001
1
110101011
0
110101011
0
110101010
1
110101011
0
110101011
0
110101011
0
110101011
0
110100011
1
110101011
0
110101011
0
110101011
0
110101011
0
110101011
0
110101001
5
110111010
0
101001111
0
101110000
3
100110100
4
110110110
5
110011110
6
111100111
5
110010110
5
110011110
0
011000111
5
000110010
7
000110111
5
000111100
7
011110100
0
111001100
2
011101010
3
011101010
3
011101011
5
011110001
4
111100010
1
110100001
5
110110000
1
110110001
1
110101010
1
110101011
0
100101011
9
010101011
9
110101011
0
110101011
0
110101011
0
110101011
0
110101111
7
110001101
5
010111010
0
111101101
5
101111000
8
111101010
5
101101110
8
000111110
2
010101111
5
110101101
0
110101000
0
101110000
8
110110000
1
110110001
1
110101011
0
110101111
7
111001101
3
011101110
0
011101110
0
011101110
0
011101110
0
111101110
1
101001111
9
110101011
0
100101011
9
000101111
5
000111100
7
010110100
4
110111110
8
111001101
3
011101110
0
011101110
0
011101110
0
011101110
0
011101111
9
001100101
5
000010010
5
010000000
9
010000100
2
001000010
6
000100000
0
000000000
0
001000000
0
000000000
0
000001000
5
000010000
0
101000000
5
000010000
5
000010000
5
000010000
0
100000000
0
101110000
3
100110000
1
110100001
5
110110000
1
110110001
1
110101000
5
110110000
1
110110001
1
110111010
0
101001111
9
110101011
0
110101011
0
101110000
3
100110100
4
110111110
2
111001101
3
011101110
0
011100110
7
011101110
0
011101110
0
011101110
0
011101110
0
011101111
9
111100101
1
110101011
0
110101001
1
110101011
0
110101011
0
110101011
0
110101011
0
110101001
1
110101111
7
111001101
3
011101110
0
011101110
0
011101110
0
011101110
0
011101111
9
111101101
5
101111010
0
101101111
5
000101101
0
000000010
0
100000000
0
000001000
8
010000000
6
000000001
5
000000100
5
010010000
5
000010010
5
000010000
0
000000000
0
101110000
8
100110100
4
110111110
8
111001101
3
011101110
0
011101110
0
001101110
7
011001110
3
011101110
0
011101110
0
011101111
9
111100101
1
110101110
5
110011110
6
111101111
5
101010101
5
010111010
0
111101111
5
101000101
5
000010000
3
000000100
8
011000000
8
000100000
5
000010000
6
001000000
5
000010000
0
000000000
5
001000000
0
000000000
0
000000001
0
000000000
0
001000100
0
000000000
0
000000010
0
000000000
5
000010000
5
000001000
5
000010000
5
000000010
0
000000000
0
101110000
2
100110010
4
110110110
5
110011110
6
111001111
5
011010011
9
111100011
4
110101011
0
110111011
5
101010101
5
010111010
0
111100111
5
110010110
5
110011110
0
111001101
3
011101011
5
011110011
5
111100111
5
110000110
4
000010000
8
010001010
6
000111000
6
011010010
3
011110100
0
111101010
5
101111010
5
101111111
5
101010101
5
110111010
0
101001111
9
110001011
9
011101111
5
011100101
5
011111010
0
101000111
5
000111010
0
011111101
2
101100111
5
010111110
0
111001101
0
101110000
3
100110000
1
110110001
1
110101011
0
110101011
0
110100011
1
110101011
0
110101011
0
110101011
0
110101011
0
110101010
1
110101011
0
110101011
0
110101011
0
100101011
9
110111011
5
101000101
5
000010000
3
000100100
7
010000000
8
010000000
5
000010000
3
000000100
5
000010000
4
000001000
8
000000000
8
010000000
0
000000000
5
000010000
5
000010000
0
000000001
0
010000000
4
000001000
5
000010000
0
001000000
5
000100001
5
000010000
5
000010000
5
000010000
0
000000000
0
101110000
3
100110100
4
110111110
2
101001111
9
110101011
0
010101011
9
010101011
9
010101011
9
110101011
0
010101111
5
011101101
2
011101010
3
011101110
0
011101110
0
011001111
5
011110011
0
111100111
5
110000110
5
000010000
7
001000000
6
000101000
1
000000110
1
100000000
6
000100000
8
000000001
1
000000001
7
001000000
0
000000000
0
000000000
0
000100000
3
000010000
3
000000110
8
010000000
5
000010000
5
000010000
5
000010000
6
010000000
5
000000000
5
010000000
0
000000000
0
101110000
2
100110010
4
111110110
5
101010110
6
010101110
7
011101110
0
011101110
0
011100110
7
011101100
3
011101111
9
011101101
2
011101010
3
011101110
0
011101010
3
111101110
1
101001111
9
110101011
0
110101011
0
110101011
0
110101011
0
110101011
0
110101011
0
110101011
0
110101010
1
110101011
0
111101011
5
101110011
7
110100111
5
110011110
0
111101111
5
101010100
4
010111000
0
111111010
6
101100111
7
011101110
0
011111110
5
101000100
6
000110000
5
000100000
0
000000000
0
101110000
2
100110010
4
110111110
8
111011101
5
001010001
6
000111000
6
010010010
2
000111010
0
010111111
4
111001101
3
011101110
0
111100110
5
110001110
5
010011010
0
011111011
2
101100111
7
011100110
7
011101111
9
011100101
1
010101011
9
010111011
0
111100101
1
110101011
0
110101011
0
110101011
0
110101011
0
110101111
7
111001101
3
101101010
5
000111010
0
010111111
4
111000101
5
010111000
0
010111010
0
101101111
5
000111101
5
010111101
0
111101101
5
101111000
0
101101110
0
101110000
3
100111001
2
100101001
5
010001010
6
000111000
6
010110010
0
110111110
8
110001101
3
110101010
1
110101010
1
110101011
0
110101011
0
110101011
0
110101011
0
110101011
0
110101111
7
111001101
3
011101110
0
011101110
0
011101110
0
011101111
9
111100101
1
111101010
5
101111010
0
101101110
8
010101110
7
011101110
0
011101110
0
011101010
3
011101010
3
011101010
3
011101110
0
011101110
0
011101110
0
011101110
0
011101110
0
011101110
0
011101100
5
011111010
0
111100111
0
101110000
8
100110000
1
110110000
1
010111000
0
111111010
6
101100111
7
011101110
0
011101110
0
011101110
0
011101110
0
011101110
0
011101110
0
011101111
9
111100101
1
110101011
0
110101011
0
110101011
0
110101011
0
110101011
0
110101010
1
110101011
0
110101011
0
110101111
7
111001101
3
011101111
9
111100101
1
110101011
0
110101011
0
010101011
9
010101011
9
110101011
0
111101011
3
101100111
7
011101110
0
011101110
0
011101110
0
011101110
0
011101110
0
011101110
0
011101110
0
101110000
2
101110010
8
110101110
5
110001111
6
010001111
8
010101011
9
010101101
5
010111000
0
111111010
6
101100111
7
010001110
5
100111010
8
100101111
5
010111101
0
111101101
5
101111000
5
101101010
5
000111010
0
111111111
5
101010101
7
010101110
7
001101110
7
011101110
0
011101110
0
011101110
0
011101110
0
011101111
9
111100101
1
110100010
5
111100000
5
110110000
1
110110000
1
111110000
5
101011000
2
001011010
0
011011011
5
011110011
0
111100111
5
110100110
0
110000110
0
101110000
3
100110100
4
111110110
5
101010110
6
010101110
7
010101110
7
010100010
3
000110100
7
001110110
7
010101110
7
011101110
0
011101110
0
011101110
0
011101110
0
010101110
7
011101110
0
011101110
0
011101110
0
011101110
0
011101110
0
011101110
0
011101100
3
111101010
5
101111010
0
101101100
5
000110010
7
000110111
5
000111101
5
010111101
0
111100101
1
110101011
0
110101011
0
110101011
0
111101011
3
101100111
7
011101110
0
011101110
0
011100110
5
010110110
0
010001110
0
101110000
2
100110010
4
110111111
5
101010101
1
110111010
0
101001111
9
010101010
9
110101010
1
111101010
5
101101010
5
000111010
0
010111111
6
111100101
1
110101010
1
110100011
1
110101011
0
110101011
0
110101001
1
110101011
0
100101011
9
110101011
0
110101011
0
110101011
0
110101011
0
110101011
0
110101011
0
110101011
0
110101011
0
110101011
0
110101011
0
110101010
1
110101011
0
110101011
0
110101011
0
110101011
0
110101011
0
110001011
9
110101001
5
110111010
0
101001111
0
101110000
2
100110010
4
110110110
6
110101110
5
110011110
5
111011111
5
101010101
7
011101010
3
001101110
7
010101111
5
010111101
0
111100101
1
110101011
0
110101011
0
110101011
0
110101001
1
110101011
0
111101011
3
101101111
5
100111101
8
100101101
5
110100000
1
110110011
6
110000111
5
000001010
5
100010000
3
000000100
5
000010001
5
000010000
7
000000100
0
000001000
0
000000000
3
000100000
5
000010000
5
000010010
7
000000100
5
000010000
5
000010000
5
100000000
0
010000000
0
101110000
2
100110010
4
111111110
5
101010101
7
010101110
7
011101110
0
011101110
0
011101110
0
011101110
0
011100110
7
110101110
5
110010110
5
100001110
5
100110010
4
110110110
5
110011110
0
111001111
5
011010011
5
011110011
0
111100110
5
110001110
5
010011010
0
011111011
2
101111111
5
111000101
5
010111010
5
111101111
5
101000101
5
000010000
0
000000000
0
000000000
0
001000000
5
000010000
0
100000000
5
000010000
5
001000000
5
000010000
5
000010000
5
000010000
0
100000000
0
101110000
8
100110000
1
110110000
1
110110001
1
110101001
1
110100001
5
111110000
5
101101001
5
000001010
7
000010110
7
001110110
7
010101111
5
011101101
3
011101101
2
011101011
5
011111011
8
100100101
5
000110010
7
001110110
7
011101110
0
011101110
0
011101110
0
011101110
0
011101110
0
011101110
0
011100110
7
010101110
7
011101111
9
111100101
1
110101011
0
111101011
3
101100111
7
011101110
0
011100110
7
011101110
0
011101110
0
011101111
0
011100101
5
010111010
0
111101111
0
101110000
3
100110110
5
110010110
5
110011110
6
011101111
9
111100101
1
110101000
5
110100001
5
110110000
1
110110001
1
010101011
9
110101011
0
110111011
5
101011101
8
011101001
6
011101010
3
111111110
5
100010101
8
000111010
0
010111111
4
111001101
3
111101010
5
101101010
5
000111010
0
011111111
5
101100101
5
110100010
5
110100000
1
110110001
1
110101010
1
110101011
0
110101011
0
111101111
5
101010101
5
010101010
5
010101010
5
010111010
0
111101111
5
111000101
0
010101000
0
101110000
2
100110010
4
111111110
5
101010101
3
010101110
7
011101110
0
011101110
0
011101110
0
011101110
0
011101110
0
011101110
0
001101110
7
011101110
0
011101110
0
011101110
0
011101110
0
011101110
0
011100110
7
011101110
0
011100110
7
011101110
0
011101110
0
011101110
0
011101110
0
011101111
9
111100101
1
010101010
5
010111000
0
111111010
6
101100111
7
011101110
0
011111110
5
111000101
5
010111000
0
111111010
6
101100111
7
011101110
0
011101110
0
011101110
0
011101110
0
101110000
8
110110000
1
110110001
1
110101011
0
110101011
0
110101011
0
100101011
9
010101011
9
010111011
0
111100100
5
100110000
1
110110001
1
110101010
1
110101011
0
100101011
9
010101111
5
010111101
5
011111100
2
101101110
8
000101111
5
000101110
5
000110110
7
001110110
0
010101110
7
011101110
0
011101110
0
011101110
0
011101110
0
010001110
5
000101011
5
000011011
9
100011011
9
010101011
9
110101010
1
110101011
0
110101111
7
110001111
5
010011011
5
011100011
0
010100010
0
101110000
3
100110100
4
110111110
2
101001111
9
010111011
0
111100100
5
110110000
1
110110001
1
110101011
0
110101010
1
110101011
0
110101001
1
110101011
0
110101011
0
110101011
0
110101011
0
110101011
0
110101011
0
110101011
0
110101011
0
110101011
0
110101011
0
110101011
0
110101011
0
110111010
0
101001101
5
010010010
2
000111010
0
010111111
4
111100101
1
110101011
0
110101011
0
110101111
5
110011101
3
111001001
5
011011000
3
111010000
0
111111000
5
101111010
0
100101111
0
101110000
3
100110100
4
110110111
5
110010101
6
110101000
5
110110000
1
111110000
5
101111000
5
101100010
5
010100001
6
000110000
5
000010000
0
000000000
3
000000100
7
001000000
5
101010000
7
011010000
3
011011100
3
111101010
5
101101010
5
000111010
0
010100110
5
000100111
5
010110110
5
110001110
5
010011010
0
011111011
2
101100011
9
110101011
0
110101011
0
110101011
0
110101011
0
110101011
0
111101011
3
101101011
8
010101011
9
110101011
0
110101011
0
110101011
0
110101011
0
101110000
3
100110100
4
110111110
8
111001101
3
011101110
0
011101110
0
011101110
0
011101110
0
011101110
0
011101110
0
011100110
7
011101110
0
011101110
0
011101110
0
011101110
0
011111100
8
111101100
5
101101110
8
010101110
7
011101110
0
011101110
0
011101110
0
001111111
5
101100101
5
010110010
0
110111110
2
101001111
9
010101011
9
110101011
0
110101011
0
110101011
0
110100011
1
110101011
0
110101011
0
110101011
0
110111011
5
101010101
5
000111010
0
011111111
0
101000101
0
101110000
2
100110010
4
110110110
5
110011110
6
111100111
5
110000111
5
000011010
9
100011010
0
010111011
0
111100101
1
110101011
0
110101110
5
110011110
6
111011111
5
101010101
1
010101010
5
010101011
9
110101011
0
110101011
0
110101011
0
100101011
9
110101011
0
110101011
0
110101011
0
110101111
5
110011101
3
111001101
3
011101110
0
001101110
7
011101010
3
011101010
3
011101110
0
011101110
0
001101110
7
011101110
0
011101110
0
011101110
0
111101110
5
101001110
0
000101011
0
101110000
2
100110011
0
110101111
7
110001101
3
010101110
7
010101110
7
011101110
0
011101100
3
011101110
0
011101110
0
011101110
0
011001110
3
011101110
0
111101110
1
101001110
7
011101010
3
011101110
0
011101110
0
011101110
0
011101110
0
011101110
0
011101110
0
011101110
0
011101110
0
011101110
0
001101110
7
011101110
0
011101110
0
011101110
0
011101110
0
011101110
0
011101110
0
011101110
0
011101110
0
011111110
5
101010111
6
011000111
5
001100110
5
110100100
0
110100000
0
101110000
2
100111000
1
100110011
0
100101111
7
010101101
5
010111000
0
111111010
6
101100111
7
011101110
0
011101110
0
011111110
5
101010101
3
010101110
7
011101110
0
011101110
0
011101111
9
011100101
5
010101010
9
110101011
0
010101011
9
110101011
0
110101011
0
110101011
0
110101111
7
111001101
3
011101010
3
011101110
0
011101110
0
011101110
0
011101110
0
011101110
0
011101100
3
011101110
0
011101110
0
011101110
0
011101110
0
011101110
0
011111110
5
101010101
0
010101010
0
101110000
4
100111000
1
100110010
4
110110110
6
110101110
5
110011110
6
111101111
5
111010101
6
111101010
5
101111000
5
101111001
8
101101001
5
000011010
9
100011011
9
110101011
0
110101011
0
111101011
3
101100111
7
010101110
7
011101110
0
011101110
0
011101110
0
011101110
0
011101111
9
111100101
1
110101011
0
110101011
0
110101011
0
110101011
0
110101011
0
110101001
1
110101011
0
110101011
0
110001011
9
110101011
0
110101011
0
111101011
0
101100011
5
010111010
0
111101111
0
101110000
8
100110100
4
110111110
8
101101101
5
000111000
4
010001110
5
000110010
7
001110110
7
010001110
5
001110010
0
010111110
0
111001101
3
011101110
0
011101110
0
011101110
0
011101110
0
001101110
7
011101110
0
001101110
7
011101110
0
011101110
0
011101010
3
001101110
7
010101111
5
010111101
5
111101101
5
101101010
5
000111010
0
010101111
5
011101111
9
111100101
1
110101011
0
110101011
0
110101000
5
110110000
1
110110001
1
110101011
0
100101110
5
010100110
0
000110110
0
101110000
2
100110010
4
110111110
8
111001101
3
001101110
7
011101110
0
011101110
0
011101110
0
011101110
0
011101110
0
111111110
5
101010101
3
010101110
7
010111110
0
111001101
3
011101010
3
011101011
5
011110011
0
111100111
5
110100110
5
110011110
5
111011111
5
101000111
5
000111010
0
010111111
6
111100101
1
110101001
1
110101011
0
110101011
0
010101001
5
010001010
7
001011010
6
011111011
8
101100101
5
000110010
7
001110101
5
010101100
5
010110010
0
110111110
0
101001101
0
101110000
2
100110010
4
110110110
5
110011110
6
111001111
5
011010011
5
011100011
5
010110010
0
110111110
2
101000101
9
100000000
5
000010000
1
000000001
5
000010000
1
000000001
5
000000001
0
000000000
8
010000000
4
000000001
1
010001001
8
010011000
3
011011100
3
011101010
3
011101010
3
011101110
0
011100110
7
011101110
0
011101110
0
011101110
0
011100110
7
011101110
0
011101110
0
111101110
1
101001111
9
100101011
9
010101011
9
110101010
1
111101011
5
101101011
0
001101011
0
101110000
2
100110010
4
110111110
2
101001111
9
011101011
5
011100011
5
010110010
0
111111111
5
111011101
5
101010001
6
010111000
0
111111010
4
101000111
5
000111010
0
010011111
5
011010100
2
011111010
0
101100111
7
010100110
5
000100111
5
000110110
7
001110110
7
011101110
0
011101110
0
011100110
7
011101110
0
001101110
7
010101111
5
010111100
2
111101110
1
101001111
9
110100011
1
110101011
0
110101011
0
110101011
0
110101011
0
110101011
0
110101011
0
110101011
0
110101011
0
101110000
2
100110001
4
110110110
5
110001111
6
010101011
9
110101011
0
110101010
1
110101011
0
110101011
0
110101011
0
110101011
0
110101011
0
110101011
0
110100011
1
110101011
0
110101011
0
100101001
5
010000000
7
001000000
0
000000000
0
000100000
1
000000001
3
000000100
8
011000000
5
000001100
5
000010000
6
000100000
6
100000000
3
000000100
0
000000000
5
000000000
0
000000000
5
000001010
5
100000000
5
000010000
5
000010010
5
001000000
5
000010000
5
000010000
0
000100000
0
101110000
2
100110010
4
110111110
8
111001101
3
011101110
0
011101110
0
011101110
0
011101110
0
001100110
5
000111110
5
010111111
4
111001101
3
011101110
0
011101110
0
011101110
0
011100111
7
011100111
4
010110110
5
110001110
5
010011010
0
011111011
2
101100110
4
000101110
5
000110110
7
001110010
0
011111010
0
111100111
5
110100110
5
110000111
5
000001010
7
001000000
4
000000000
0
001000110
6
000110010
7
001110110
7
011101110
0
011101110
0
011101110
0
001101110
0
110101110
0
101110000
2
100110010
4
110111110
8
111001101
3
011101010
3
011101100
3
011101110
0
011101110
0
011101110
0
011101111
9
011100101
3
010101110
7
011101110
0
011101110
0
011101110
0
011111110
5
101100101
5
110110010
5
110011111
4
111001100
2
011101001
3
011001110
3
011101110
0
011101110
0
011101110
0
011101110
0
011101110
0
011101110
0
011101110
0
011101110
0
011101100
3
011101010
3
011101110
0
011100110
7
010101110
7
011101110
0
011101110
0
011100110
5
110111110
0
101011101
0
101110000
2
100110010
4
110110110
6
110101110
5
110011100
0
111001010
2
011101010
3
011111110
5
111000101
5
110111000
5
101101010
5
000111010
0
010111111
6
111100101
1
110101011
0
110101010
1
110101010
1
110101011
0
101110000
3
110110100
5
110010110
5
110011110
6
111101111
5
101010100
4
111111010
6
101000111
5
000111000
4
000111111
5
111101101
5
101111000
8
101101010
5
000101011
5
000001011
9
100011011
9
011101011
5
011110011
4
101010101
1
010101011
9
110101010
1
110111011
5
100110100
4
110110110
6
110101110
6
010100011
5
001101010
5
110000000
4
000000000
4
000001010
7
001000000
8
000000001
6
000100000
8
010000000
5
000010000
3
000000100
3
000000101
5
000000010
4
000001000
6
000001001
5
100110010
4
110111110
2
101001111
9
100101011
9
110100011
1
111101011
3
111100011
1
110100010
5
110110000
1
110110001
1
101000101
1
101100111
7
011001110
5
111001111
5
011000111
5
000110010
7
001110110
7
011101111
9
111100101
1
011100101
7
011101010
5
011111110
5
100110111
7
110001111
6
111001011
5
011100111
7
011100110
7
001101100
5
010010010
2
111001101
3
100101001
5
011100010
5
111111011
5
100000000
3
010001000
5
000010001
5
100110110
5
110000111
5
000011000
7
110101011
0
110101011
0
110101010
1
110101011
0
110101011
0
110101011
0
110101011
0
110101011
0
110101011
0
110101011
0
010101011
9
110101011
0
101110000
3
100110100
4
110111110
8
111001101
3
111101110
1
101001111
9
110101010
1
110100011
1
110111011
5
101010101
1
