-65.75
-84.5
-48
-71.5
-76
-64.25
-41.5
-71
-83.75
-108.25
-104.5
-126.75
-89.25
-103.75
-148.75
-136.75
-71.25
-112.25
-133.75
-52.5
-82.25
-124
-57.5
-65
-89.25
-128.75
-92.5
-62
-119.25
-109.75
-94.25
-84.25
-83.25
-94
-86.75
-153.75
-100
-93
-109.5
-43
-138
-97.5
-67.25
-84
-115.75
-84
-101.5
-105.75
-87
-77.5
-108.25
-36
-110.5
-75.25
-94.75
-108.75
-83.5
-81.75
-38
-93
-56
-54.75
-82.25
-110.75
-64.75
-102.75
-99.5
-94.25
-110.75
-91.25
-94.5
-91.25
-148
-103.5
-116.5
-50.5
-72.25
-102.75
-15.5
-124.5
-110
-103
-76.75
-70.5
-86.25
-79.25
-96.75
-39.75
-60.25
-81.75
-98
-106.5
-76.25
-34.75
-97.25
-74.5
-76.25
-43.25
-82.5
-81.5
