-27070
-16555
-23815
-30975
-24405
-29905
-33265
-10070
-24835
-29795
-25845
-29120
-24480
-11910
-19665
-18185
-25630
-22665
-26755
-29440
-23625
-21195
-19600
-23860
-28860
-24520
-23825
-27305
-28795
-29815
-26040
-28705
-26525
-30060
-27470
-25110
-26235
-25730
-25385
-31625
-18790
-25220
-24100
-26780
-13840
-18070
-22160
-20630
-26900
-32570
-23185
-23635
-25615
-26685
-30230
-27790
-30705
-30255
-30580
-25295
-29300
-25920
-25160
-24355
-24350
-32380
-27140
-23455
-22190
-32690
-25840
-26755
-27495
-25565
-28135
-23840
-30860
-22530
-32495
-27875
-24045
-20195
-24605
-27460
-31300
-28800
-22985
-29170
-27740
-16445
-30485
-26555
-27215
-29650
-28675
-25805
-27895
-25560
-31530
-30475
