-510.78
-554.34
-505.69
-458
-488.89
-616.36
-759.61
-700.93
-678.78
-607.08
-441.74
-426.91
-327.51
-684.36
-662.92
-697.67
-458.1
-824.11
-381.04
-295.86
-462.85
-684.32
-550.45
-715.57
-623.36
-735.53
-573.93
-619.03
-520.34
-306.64
-547.64
-621.78
-479.11
-556.94
-585.92
-561.03
-396.39
-730.61
-568.14
-532.22
-314.08
-481.82
-446.61
-707.86
-642.53
-568.14
-487.18
-756.86
-784.47
-607.82
-447.49
-774.11
-488.89
-639.03
-510.1
-555.36
-357.24
-356.17
-695.61
-725.59
-319.92
-805.36
-475.24
-701.11
-649.07
-663.38
-704.78
-402.37
-657.11
-424.89
-496.81
-769.11
-502.21
-675.78
-472.16
-644.36
-433.51
-694.86
-389.72
-314.26
-388.06
-669.74
-393.03
-382.06
-708.11
-384.7
-329.71
-553.99
-417.96
-609.22
-706.86
-337.44
-535.39
-466.49
-425.99
-301.1
-347.25
-288.25
-444.59
-602.61
