343.75
505.25
459.75
392.75
423.5
460
423.75
322.25
342.75
419
441.75
489.5
459.25
407.75
342
476.25
422
464.75
412.75
326
384.5
489
480.5
472
501
415.75
399.5
413
412.75
571.5
525.5
379
421
480.75
492
447.25
470
383.75
507.5
505
530.5
450.5
395.5
347
412.5
411.75
368
529.5
435.5
453.25
454.25
496.75
433.25
406.25
362.25
448
449.5
530
483.75
531.75
398
367.75
401.75
402
475.5
413.25
480
476.25
469.25
402.75
420.25
469.5
524
390.5
337.75
470.75
427.25
498
504.75
483.5
548.25
396.75
448.5
411
436.25
472.75
431.75
503.75
401.75
449
387
421.25
300
389.75
491.75
334.75
501
416
416.75
492.75
