100110000
1
100010000
4
100110010
3
010110010
2
010000010
4
010101000
3
100101000
1
100010000
4
100110000
3
010110000
2
010000001
1
010010001
4
010110100
3
001110100
2
001000000
4
001100000
3
010100000
1
010010000
4
010110000
2
010000000
1
010010000
2
010000010
4
010101010
2
010001010
4
010101000
3
100101010
1
100010011
4
100110011
3
010110011
1
010010011
4
010110110
3
001110110
2
001000010
4
001100010
3
010100010
2
010000010
4
010101000
3
100110010
3
010110011
2
010000011
4
010101001
3
100101011
1
100010011
4
100110011
3
010110011
1
010010011
4
010110110
3
001110110
2
001000011
4
001100011
3
010100011
1
010010011
4
010110110
3
001110110
2
001000010
4
001100010
3
010100010
2
010000010
4
010101000
3
100101000
1
100010000
4
100110000
3
010110001
1
010010011
4
010110111
1
010010111
4
010110110
3
001110111
2
001000011
4
001100011
3
010100011
1
010010011
4
010110110
3
001110110
1
001010010
4
100110000
3
010110000
2
010000001
1
010010001
4
010110100
3
001110100
2
001000001
4
001100001
3
010100001
1
010010001
4
010110100
3
001110101
2
001000001
4
001100001
3
010100001
1
010010001
4
010110100
3
001110100
2
001000000
4
001100000
3
010100000
1
010010000
4
010110000
2
010000000
4
010100000
2
010000001
1
010010011
4
010110111
1
010010111
4
010110110
3
001110111
2
001000011
4
001100011
3
010100011
1
010010011
4
010110110
3
001110110
1
001010010
4
001110011
2
100110000
3
010110000
1
010010001
4
010110110
3
001110111
2
001000011
4
001100011
3
010100011
1
010010011
4
010110110
3
001110110
2
001000010
4
001100011
3
010100011
2
010000011
4
010101001
3
100101011
1
100010011
4
100110011
3
010110011
1
010010011
4
010110111
1
010010111
4
010110110
3
001110110
2
001000010
4
001100010
3
010100010
2
010000010
4
010101000
3
100101001
1
100010001
4
100110001
3
010110001
1
100110000
3
010110010
2
010000010
4
010101001
3
100101011
1
100010011
4
100110011
3
010110011
2
010000011
4
010101011
2
010001011
4
010101001
3
100110000
1
100010001
4
100110001
3
010110001
0
010110001
1
010010001
4
010110100
3
001110101
2
001000001
4
001100001
3
010100001
1
010010001
4
010110100
3
001110100
2
001000001
4
001100011
3
010100011
1
010010011
4
010110110
3
001110111
2
001000011
4
001100011
3
010100011
1
010010011
4
010110110
3
001110110
2
001000010
4
001100010
3
010100010
2
010000010
4
010101010
2
010001010
4
010101000
3
100101000
1
100010000
4
100110000
3
010110000
1
010010000
0
010010001
0
010010100
0
100110000
1
100010000
4
100110001
3
010110001
1
010010001
4
010110101
1
010010101
4
010110101
1
010010101
4
010110101
1
010010101
4
010110100
3
001110101
2
001000001
4
001100001
3
010100001
1
010010001
4
010110100
3
001110100
2
001000001
4
001100001
3
010100001
1
010010001
4
010110100
3
001110100
2
001000000
4
001100001
3
010100001
1
010010001
4
010110100
3
001110100
2
001000000
4
001100000
3
010100000
2
010000000
1
010010001
4
010110101
1
010010101
0
010010100
4
010110100
0
100110000
3
010110000
0
010110001
0
010110011
1
010010011
4
010110110
3
001110110
2
001000010
4
001100010
3
010100010
2
010000010
4
010101000
2
010001000
4
010101000
3
100101000
1
100010010
4
100110010
3
010110010
2
010000010
0
010001000
4
010101000
3
100101010
1
100010010
4
100110010
3
010110011
1
010010011
4
010110110
3
001110110
2
001000010
4
001100010
3
010100010
2
010000010
4
010101000
3
100101000
1
100010011
4
100110011
3
010110011
1
010010011
0
010010110
0
010010110
0
100110000
3
010110001
1
010010001
0
010010100
4
010110110
3
001110110
2
001000010
4
001100010
3
010100010
2
010000010
4
010101000
3
100101000
1
100010000
0
100010000
4
100110000
3
010110000
1
010010000
4
010110000
2
010000000
4
010100000
2
010000010
4
010101001
3
100101001
1
100010001
4
100110001
3
010110001
1
010010001
4
010110100
3
001110100
2
001000000
4
001100000
3
010100000
1
010010000
2
010000000
1
010010000
2
010000000
1
010010000
2
100110000
3
010110000
0
010110001
1
010010011
4
010110110
3
001110110
2
001000010
4
001100010
3
010100010
2
010000010
4
010101000
3
100101000
1
100010000
4
100110000
0
100110000
3
010110000
0
010110000
1
010010000
2
010000001
1
010010011
4
010110110
3
001110110
2
001000010
4
001100011
3
010100011
1
010010011
4
010110110
3
001110110
2
001000010
4
001100010
3
010100010
2
010000010
4
010101000
3
100101000
1
100010000
4
100110000
3
010110001
1
010010001
0
010010111
4
010110110
0
100110000
1
100010000
4
100110000
3
010110000
1
010010000
2
010000000
0
010000000
0
010000000
1
010010000
0
010010010
0
100110000
3
010110000
1
010010000
2
010000000
1
010010010
2
010000010
4
010101010
2
010001010
4
010001000
4
010101000
3
100101000
1
100010000
4
100110000
3
010110000
2
010000000
4
010100000
0
100100000
1
100010000
4
100110000
3
100110000
3
010110000
1
010010000
2
010000000
0
010000000
1
010010000
0
010010000
0
010010000
2
010000000
0
010000000
1
010010010
2
010000010
4
010101000
3
100101001
1
100010001
4
100110001
3
010110001
1
010010001
4
010110110
3
001110110
1
001010010
0
100110000
0
100110010
3
100110010
3
010110011
2
010000011
4
010101001
3
100101001
1
100010011
4
100110011
3
010110011
1
010010011
4
010000110
4
010101110
3
100101110
1
100100110
1
100000110
1
100010110
4
100110110
3
010110110
3
001110110
2
001110010
2
001000010
4
001100010
3
010100010
2
010000010
4
010101000
3
010101000
3
100101000
1
100010000
4
100010001
4
100110001
3
100010001
4
100110011
3
010110011
1
010010011
4
010110110
3
010010110
4
010010110
0
010010110
0
010010110
0
100110000
0
100110001
3
010110001
1
010010001
4
010110100
3
001110100
2
001000000
4
001100010
3
010100011
0
010100011
1
010010011
4
010110110
3
010010111
4
010000110
4
010001100
4
010101100
3
100101100
1
100010100
4
100110111
3
100000111
1
100010111
4
100110111
3
010110111
1
010010111
4
010110110
3
001110110
2
001000010
4
001100010
3
010100010
2
010000010
4
010101000
3
100101000
1
100010000
4
100110000
3
010110000
1
010010000
2
010010000
2
010000000
1
010000000
1
010010000
0
100110000
3
010110000
1
010010000
4
010110010
2
010000011
0
010101001
3
100101001
1
100010001
4
100110001
3
010110001
1
010010011
4
010110110
3
001110110
2
001010011
2
001000011
4
001100011
3
010100011
1
100100011
1
100010011
4
100110011
3
010110011
1
010110011
1
010010011
4
010110110
3
001110110
2
001000011
4
001010011
2
001000011
4
001100011
3
001100011
3
010100011
2
010000011
4
010101001
3
100101001
1
100010001
4
100110001
3
010110001
1
010010001
0
010010100
0
010010101
0
100110000
3
010110000
1
010000000
1
010010000
2
010000000
1
010010001
4
010110101
1
010010101
4
010110100
3
010010110
4
010110110
3
010010110
4
010110111
1
010010111
4
010110110
3
010010110
4
010110110
3
001110110
2
001000010
4
001100010
3
010100010
2
010000010
4
010001000
4
010101010
2
010001010
4
010101000
3
100101001
1
100010001
4
100110001
3
010110001
1
010000001
1
010010001
4
010110100
3
010010100
4
010110100
3
001110101
2
001110001
0
001110001
2
001000001
0
001010001
0
100110000
3
010110000
0
010110000
1
010010000
0
010010000
4
010110000
1
010010010
2
010000010
4
010101010
2
010011010
2
010011010
2
010001010
4
010101000
3
010011000
2
010001000
4
010101010
2
010001010
4
010101001
3
010011001
4
010011110
2
010001110
4
010101101
3
100101101
1
100100101
1
100010101
4
100110101
3
010110111
1
010010111
4
010110110
3
001110110
2
001110011
2
001000011
4
001100011
3
010100011
2
010100011
1
010010011
4
010110110
3
001110110
2
001000010
4
001100010
0
100110000
0
100010000
4
100110000
3
100010000
4
100110001
3
100110001
3
010110011
1
010110011
2
010000011
4
010101001
3
010011001
4
010111100
3
001111100
2
001111010
2
001001010
4
001101010
3
010101010
2
010001010
4
010101000
3
010001000
4
010101010
2
010001010
4
010101001
3
100101011
1
100100011
1
100010011
4
100110011
3
010110011
2
010110011
1
010010011
4
010010110
4
010010110
4
010110110
3
001110110
2
001000011
4
001100011
3
001010011
2
001010011
2
001000011
1
001010011
0
100110000
3
010110000
1
010010000
2
010000001
1
010010001
4
010110101
1
001110101
2
001000001
4
001100001
3
010100001
1
010010001
4
010110110
3
001110110
2
001110010
2
001000010
4
001100010
3
010100010
2
010000010
4
010001010
4
010101000
3
010001000
4
010101000
3
100101000
1
100010000
4
100000000
1
100010000
4
100110001
3
010110001
1
010010001
4
010010100
4
010110100
3
001110100
2
001000000
4
001100000
3
100110000
3
100010000
4
100110001
1
100110011
3
010110011
2
010000011
4
010001001
4
010101011
2
010001011
4
010101011
2
010001011
4
010001001
4
010001001
4
010101001
3
100101001
1
100010001
4
100110001
3
010110001
1
010010001
4
010110100
3
001110100
2
001000011
4
001010011
2
001000011
4
001000011
4
001100011
3
001010011
2
001000011
4
001100011
3
001010011
2
001110011
2
001000011
4
001010011
2
001000011
4
001100011
3
010100011
2
010000011
4
010101001
3
100101001
2
100000001
0
100110000
3
100000000
1
100010000
4
100110000
3
010110000
1
010010000
2
010000000
4
010100000
1
010010010
2
010110010
2
010000010
4
010001000
4
010101010
2
010001010
4
010101001
3
100101001
1
100010011
4
100110011
3
010110011
1
010010011
4
010110110
3
001110111
2
001000011
4
001010011
2
001000011
4
001100011
3
001000011
4
001100011
3
010100011
2
010000011
4
010101001
3
100101001
1
100000001
1
100010001
4
100000001
1
100010011
4
100110011
3
010110011
2
010000011
0
010001001
0
100110000
0
100110000
3
010110000
1
010010000
2
010000001
4
010000001
1
010010001
4
010000110
4
010101100
3
100101101
1
100100101
1
100010101
4
100110101
3
100010101
4
100110101
3
010110101
1
010010101
4
010110101
1
010010101
4
010110101
1
010010101
4
010110100
3
001110100
2
001000000
4
001100010
3
010100011
1
010010011
4
010110110
3
001110110
2
001110010
2
001000011
4
001100011
3
010100011
2
010000011
4
010101001
3
100101001
0
100000001
1
100010001
2
100010001
0
100110000
3
010110000
0
010010000
2
010000000
1
010010000
0
010000000
1
010010001
4
010110110
3
001110110
2
001000010
4
001100010
3
010100010
2
010000010
4
010101010
2
010001010
4
010101000
3
100101000
1
100010001
4
100110001
3
010110001
1
010010001
4
010110100
3
001110100
2
001000000
4
001100000
3
001100000
3
010100000
1
010010000
2
010000000
0
010000000
1
010010000
0
010010000
0
010010000
2
010000010
4
010101001
3
100101001
1
100010001
2
100000001
1
100110000
3
010110000
0
010110000
0
010110000
2
010000001
1
010010001
4
010110100
3
001110100
2
001000000
4
001100000
3
010100000
0
010100000
2
010000000
4
010100000
2
010000000
0
010000000
0
010000010
4
010101010
2
010001010
4
010101010
2
010001010
4
010001000
4
010101000
3
100101000
1
100010000
4
100110000
3
100010000
4
100110000
3
010110000
2
010000000
0
010010000
2
010000010
4
010001000
4
010101000
3
100101000
1
100010010
4
100110010
3
010110010
2
010000010
4
010011000
0
100110000
3
010110000
1
010010000
2
010000001
1
010100001
1
010010011
4
010110110
3
001110110
2
001010011
2
001000011
4
001100011
3
010100011
2
010000011
4
010101001
3
100101001
1
100010001
4
100110001
3
010110001
1
010010001
4
010110100
3
001110110
2
001000010
4
001100010
3
010100010
2
010000010
4
010101011
2
010001011
4
010101001
3
100101001
1
100010001
4
100110001
3
010110001
1
010010011
4
010110110
3
001110111
2
001000011
4
001100011
3
010100011
1
010010011
4
010110110
0
100110000
3
010110001
1
010010001
0
010110100
3
001110100
1
001110000
1
001010000
2
001000000
4
001100001
3
010100001
1
010010001
4
010110100
3
001110100
2
001000000
4
001000001
4
001100001
3
010100001
1
010010001
4
010110100
3
010110100
3
001110100
2
001000000
4
001100000
3
010100000
1
010100000
2
010000000
1
010010001
4
010110100
3
001110100
2
001000000
4
001100000
3
010100000
2
010000000
0
010100000
2
010000011
4
010101001
3
100101001
0
100100001
2
100000001
4
100100011
0
100110000
3
010110000
1
010010000
0
010000011
4
010101001
3
010011001
4
010111100
3
001111100
2
001001000
4
001101000
3
010101000
3
010011000
2
010001000
4
010101000
3
100101000
2
100010000
4
100110010
3
010110010
2
010110011
1
001110011
2
001000011
4
001100011
3
010100011
2
010000011
4
010101001
3
100101011
1
100010011
4
100110011
3
010110011
1
010010011
4
010010110
4
010110110
3
010010110
4
010110110
3
001110110
2
001000010
4
001100010
3
010100010
2
010000010
0
010001001
0
100110000
3
010110001
1
010010001
0
010110100
3
010010100
4
010110110
3
001110110
2
001000011
4
001100011
3
010100011
2
010000011
4
010101001
3
100101011
1
100000011
1
100010011
4
100110011
3
010110011
2
010000011
4
010101001
3
100101001
1
100010001
4
100010001
4
100110011
3
100010011
4
100010011
4
100110011
3
010110011
1
001110011
2
001000011
4
001100011
3
010100011
2
010000011
4
010101001
3
100101001
1
100010001
4
100110011
3
010110011
1
001110011
0
001110011
1
001010011
0
100110000
1
100010000
2
100000000
1
100010000
4
100110000
3
010110000
0
010110000
0
010110000
2
010000001
1
010010001
4
010010100
4
010110100
3
001110100
2
001000001
4
001100001
3
010100011
2
010000011
4
010101001
3
100101001
1
100010001
4
100110001
3
010110001
1
010010001
4
010110100
3
001110100
2
001000000
4
001100000
3
010100000
2
010000010
4
010101000
3
010001000
4
010001000
4
010101001
3
100101001
1
100100001
1
100010011
4
100110011
3
010110011
1
010010011
0
010110110
0
100110000
3
010110000
2
010000001
1
010010001
4
010010101
4
010110100
0
010110100
3
001110100
0
001110000
2
001000001
4
001100001
3
010100001
1
100100001
1
100010001
4
100110001
3
010110001
1
010010011
4
010110110
3
001110111
2
001000011
4
001100011
3
001010011
2
001010011
2
001000011
4
001100011
3
010100011
2
010000011
4
010011001
4
010111100
3
001111100
2
001001000
4
001001000
4
001101000
3
010101010
2
010001011
4
010001001
4
010101001
3
100101001
1
100010001
0
100010001
0
100110000
3
010110000
0
010110000
0
010110010
2
010000010
4
010101000
3
100101000
0
100100001
1
100010001
4
100110011
3
010110011
1
010010011
4
010110110
3
001110110
2
001110010
2
001000011
4
001100011
3
010100011
2
010100011
2
010100011
2
010000011
4
010101001
3
100101001
1
100010001
4
100110011
3
100000011
1
100010011
4
100110011
3
010110011
1
010110011
2
010000011
4
010101011
2
100101011
1
100010011
4
100110011
3
010110011
1
010010011
4
010110111
1
001110111
0
001110011
0
100110000
3
010110000
1
010010000
0
010110000
1
010010000
2
010000000
1
010010000
0
010010000
0
010010000
0
010010000
0
010010000
2
010000001
1
010010001
4
010110100
3
001110100
2
001000000
4
001100000
0
001000000
4
001010000
0
001010000
2
001000000
4
001100010
3
010100010
2
010000010
4
010101000
3
100101000
1
100010000
4
100110001
3
010110001
1
001110001
2
001000011
4
001100011
3
001000011
4
001100011
3
010100011
1
010100011
1
010100011
2
100100011
1
100010011
4
100110011
0
100110000
3
010110000
1
010010000
2
010000000
1
010010000
0
010010010
2
010000010
4
010011001
4
010111100
3
001111100
2
001001000
4
001001001
4
001001001
4
001101001
3
010101001
3
100101011
1
100100011
1
100010011
4
100010011
4
100010011
4
100000011
1
100010011
4
100110011
3
010110011
2
010000011
4
010101001
3
100101011
1
100010011
4
100110011
3
010110011
2
010000011
4
010101011
2
010001011
4
010101001
3
100101001
1
100010001
4
100110001
3
100110001
3
100110001
2
100000001
0
100110000
3
010110000
0
010110000
0
010110001
1
010010001
4
010110100
3
001110100
2
001010001
2
001000001
4
001100001
3
010100001
1
010010001
4
010110101
1
010010101
0
010000100
1
010010100
4
010110100
3
001110110
2
001000010
4
001100010
3
010100010
2
010000010
4
010001000
4
010101001
3
100101001
1
100010001
4
100000001
1
100010011
4
100110011
3
100110011
3
010110011
2
010000011
4
010101001
3
010011001
4
010111100
3
001111100
2
001001000
4
001101000
0
001101011
0
001011011
0
100110000
3
010110000
2
010110000
0
010110000
0
010110000
2
010000001
1
010010001
4
010110100
0
010110100
3
001110100
2
001000000
1
001010000
4
001110000
2
001000000
4
001100000
0
001100000
3
010100000
0
010100000
0
010100010
2
010000011
4
010101001
3
010001011
4
010101001
3
010001001
4
010101001
3
100101001
1
100010001
4
100110001
3
010110001
1
010110001
1
010000011
4
010101001
3
100101001
1
100100001
1
100010001
4
100110001
3
100010001
2
100000001
4
100100011
2
100000011
0
100110000
3
010110000
0
010110001
1
010000011
4
010101001
3
100101001
1
100010001
4
100110001
3
010110001
1
010010001
4
010110101
1
010010101
4
010110100
0
010110110
3
001110111
2
001000011
4
001010011
2
001000011
4
001100011
3
010100011
1
010000011
4
010101001
3
100101001
1
100010001
4
100110001
3
010110001
1
010010001
4
010110110
3
001110110
2
001000010
4
001100011
3
010100011
2
010000011
4
010001001
4
010101001
3
100101001
1
100010001
2
100000001
0
100000001
0
100000001
0
100110000
0
100110000
3
010110000
2
010000000
4
010100000
0
010100001
1
010010001
4
010110100
3
001110100
2
001000000
4
001100001
3
010100001
1
010010001
4
010110110
3
001110110
2
001000010
4
001100010
3
010100010
2
010000010
4
010101010
2
010001010
4
010101000
3
100101000
1
100010000
4
100110010
3
010110011
1
010010011
4
010110110
3
001110110
2
001000010
4
001100010
3
010100010
2
010000011
4
010101011
2
010001011
4
010101001
3
100010001
4
100110001
2
