-16960
-13215
-10990
-11460
-8545
-13400
-21600
-10910
-13520
-14425
-11245
-9495
-15145
-14770
-14215
-18915
-8535
-14125
-19080
-12710
-14270
-16380
-19900
-12540
-19630
-14855
-11340
-13615
-15910
-15010
-9225
-15385
-12710
-14840
-13560
-12195
-8545
-24610
-25465
-11745
-17985
-24890
-14895
-10845
-12530
-12825
-8210
-23420
-13330
-6030
-11475
-12295
-14325
-17965
-25330
-8465
-13500
-8970
-7330
-14195
-14470
-11810
-10825
-14110
-14840
-14695
-13610
-14930
-12020
-13850
-16410
-10590
-19065
-13235
-8530
-12705
-23865
-16120
-15595
-17965
-15715
-15920
-24275
-15665
-23445
-15130
-15800
-14725
-12675
-15645
-12215
-15395
-8440
-18310
-12530
-16575
-14240
-14825
-18130
-18930
