-37.5
-25
-67
-66.25
-40
-38.75
-64.25
-15
-46
-51.5
-34.5
-53.5
-49.5
-38
-43
-47
-53.75
-64
-17
-71.5
-16
-24.5
-45.5
-46.5
-24.5
-16
-51
-24.5
-48.25
-43.75
-29
-42
-44.5
-51
-36
-65.75
-58.75
-56.5
-24.5
-51.75
-49
-20.5
-43
-50.5
-37
-40.5
-50
-58.25
-35
-32.5
-30
-49.5
-58.75
-40
-47.75
-38.25
-38.5
-50.5
-30
-43
-57.5
-34
-45
-48
-32.5
-38
-50.5
-47
-50
-23.5
-54.5
-44
-46.5
-50.75
-37.5
-56.5
-27.5
-30.5
-31.25
-48.5
-52.5
-58
-52
-27
-58.5
-47
-31
-34.5
-41
-40
-41.5
-19
-33.5
-36.5
-25
-64.5
-23.75
-48
-57.5
-41
