-213.75
-91.75
-115
-140.25
-156
-44
-127
-89.5
-109
-84
-43
-176
-110
-259.75
-138.75
-115
-72.25
-80
-174.25
-143
-21
-212.75
-98
-173.5
-159.25
-161
-97
-108
-121.25
-126.75
-140.75
-206
-125
-181
-92
-174
-193.5
-206.5
-62.75
-172.75
-98
-94
-96
-218.75
-137.75
-40.25
-102.75
-149
-73.75
-151
-101
-47.25
-122.25
-129
-95
-91
-135.25
-132.5
-104
-235
-154.75
-73
-136.75
-94
-96
-91
-112.5
-118.25
-111.75
-87.5
-86
-108.25
-172
-184
-142.75
-87.25
-161.75
-92
-136
-108.5
-158
-80.75
-110.75
-220.75
-73
-128
-78
-123.75
-210
-99.25
-187
-135
-166.75
-149
-137.25
-130
-186
-139.75
-85.75
-221
