-40.5
-56.75
-32
-49
-48
-59.5
-65.5
-56.5
-25
-52
-57.5
-41
-53.75
-28.5
-39
-48
-9.5
-57
-52.25
-52.5
-38
-59
-50
-48
-48.25
-40
-51.5
-51.25
-39
-46
-34
-39.5
-34
-42.5
-33.25
-42.5
-19
-48.5
-51
-43.25
-41.5
-26
-41.25
-32
-40
-71
-34.5
-41
-38
-61
-44.75
-51.5
-51.5
-63
-45
-44.5
-30.5
-68
-42
-28.75
-49.75
-63.5
-14
-62
-35
-23
-64.5
-49.5
-48.5
-50.75
-70
-63.5
-52
-47
-32
-31.25
-69.5
-20
-52
-30.75
-44
-73.5
-57.5
-35
-61
-58
-49.75
-61
-35.75
-37.5
-37
-62.75
-41.5
-15.5
-42
-45
-66
-46.5
-54.5
-53.75
