00000000000000000000
9
01000000000000000000
9
01000000010000000000
9
01010000010000000000
9
01010000010100000000
3
01010000010101000000
3
01010000110101000000
10
11010000111101000000
8
11010100111101010000
8
11010100111101010000
8
11010110111101010000
3
11010110111101010000
8
11010110111101010000
8
11110110111111010000
6
11110110111111010000
3
11110110111111010000
3
11110110111111010000
3
11110111111111010100
2
11110111111111010100
2
11111111111111110100
1
11111111111111110100
2
11111111111111110100
2
11111111111111110100
2
11111111111111110100
2
11111111111111110100
2
11111111111111111100
1
11111111111111111100
1
11111111111111111100
2
11111111111111111100
2
11111111111111111100
1
11111111111111111100
2
11111111111111111100
2
11111111111111111100
1
11111111111111111100
1
11111111111111111100
2
11111111111111111100
1
11111111111111111101
2
11111111111111111101
2
11111111111111111101
2
00000000000000000000
9
00000100000000000000
9
10000100001000000000
9
10000101001000000100
9
10100101001000000100
9
10101101001000000100
9
11101101001100000100
8
11101101001100000100
8
11101101001100000100
8
11111101001101000100
8
11111101011101000101
8
11111101111101000111
8
11111101111101100111
8
11111101111101100111
8
11111101111101100111
8
11111101111101100111
8
11111101111101110111
8
11111101111101110111
8
11111101111101110111
8
11111101111101110111
8
11111101111101110111
8
11111101111101110111
8
00000000000000000000
9
01000000000000000000
9
01000000000000000000
9
01000000000100000000
8
01100000000110000000
3
01100010000110001000
3
01100011000110001100
5
01100111000110001100
5
01100111000110001100
5
01100111000110001100
6
01101111000110101100
5
01101111000110101100
5
01101111000110111100
2
01101111100110111100
1
01101111110110111101
2
00000000000000000000
9
01000000000100000000
8
01100000000100000000
8
01100000000100000000
3
01100001000100000100
8
01100001000110000100
6
01101001000110100100
5
01101101000110110100
1
01101101010110110101
2
11101101011110110101
2
11101101111110110101
2
00000000000000000000
9
01000000000100000000
3
01000001000100000000
8
01100001000100000000
3
01100001000100000100
8
01100001000110000100
5
01100101000110000100
5
01100101000110000100
5
01100101000110010100
1
11100101000110010100
6
11101101000110110100
1
11101101010110110101
2
00000000000000000000
10
10000000001000000000
9
00000000000000000000
9
01000000000100000000
8
01100000000100000000
8
01100000000110000000
3
01100001000110000000
5
01100011000110000000
3
01100011000110000100
6
01101011000110100100
5
01101111000110110100
2
01101111100110110110
1
00000000000000000000
10
10000000000000000000
9
11000000000000000000
9
11000000000100000000
8
11100000000100000000
8
11100000000110000000
3
11100001000110000000
3
11100001000110000100
5
11100101000110010100
6
11100101001110010100
2
11100101101110010110
6
11101101101110110110
1
00000000000000000000
9
01000000000100000000
8
01100000000110000000
10
11100000001110000000
3
11100001001110000100
6
11101001001110100100
5
11101101001110100100
5
11101101001110110100
2
11101101101110110110
1
11101101101110110110
1
00000000000000000000
9
01000000000100000000
8
01100000000100000000
3
01100001000100000000
8
01100001000110000000
3
01100001000110000100
5
01100101000110010100
2
01100101100110010100
6
01101101100110110100
2
01101101100110110100
2
01101101100110110100
2
01101101100110110110
1
01101101110110110110
1
01101101110110110110
1
00000000000000000000
9
01000000000000000000
9
01000000000100000000
8
01000000100100000000
10
11000000101100000000
8
11100000101110000000
3
11100001101110000100
5
11100101101110010100
2
11100101101110010100
1
11100101111110010101
2
11100101111110010111
6
11101101111110010111
6
00000000000000000000
9
01000000000100000000
8
01001000000100100000
10
11001000001100100000
8
11101000001110100000
5
11101100001110110000
3
11101101001110110100
2
11101101101110110110
1
11101101111110110110
1
00000000000000000000
9
01000000000100000000
8
01100000000110000000
6
01101000000110100000
5
01101100000110110000
10
11101100000110110000
3
11101101000110110100
2
11101101100110110100
2
11101101100110110110
1
00000000000000000000
9
01000000000100000000
3
01000001000100000000
8
01100001000110000000
5
01100101000110000000
3
01100111000110000000
3
01100111000110000100
6
01101111000110100100
5
01101111000110110100
2
01101111100110110100
2
01101111100110110110
1
00000000000000000000
9
01000000000100000000
8
01100000000110000000
5
01100100000110000000
5
01100100000110000000
3
01100101000110000100
6
01101101000110000100
6
01101101000110100100
5
01101101000110110100
2
01101101100110110100
1
01101101110110110100
2
01101101110110110110
1
00000000000000000000
9
01000000000000000000
9
01000000000100000000
8
01100000000110000000
3
01100001000110000000
5
01100101000110000000
3
01100101000110000100
5
01100101000110010100
6
11100101001110010100
1
11100101011110010101
2
11100101111110010111
6
00000000000000000000
9
01000000000000000000
9
01000000000100000000
8
01100000000100000000
8
01100000000100000000
8
01100000000100000000
10
11100000001100000000
8
11100000001100000000
8
11100000001110000000
5
11100100001110010000
6
11101100001110010000
3
11101100001110010000
6
11101100001110010000
6
11101100001110110000
3
11101101001110110100
2
11101101101110110110
1
11101101111110110110
1
11101101111110110110
1
11101101111110110110
1
11101101111110110110
1
00000000000000000000
9
01000000000000000000
9
01000000000100000000
8
01100000000100000000
8
01100000000110000000
3
01100001000110000000
5
01100101000110010000
10
11100101001110010000
3
11100101001110010000
6
11101101001110010000
6
11101101001110110000
3
11101101001110110100
2
11101101101110110110
1
00000000000000000000
9
01000000000100000000
3
01000001000100000100
8
01100001000110000100
5
01100101000110010100
6
01101101000110110100
1
01101101010110110100
1
01101101010110110101
2
01101101110110110101
2
01101101110110110101
2
00000000000000000000
9
01000000000100000000
8
01100000000100000000
3
01100001000100000000
3
01100001000100000000
3
01100001000100000100
10
11100001001100000100
8
11100001001110000100
6
11101001001110000100
5
11101101001110000100
6
11101101001110000100
6
11101101001110000100
5
11101101001110010100
2
11101101101110010110
6
11101101101110010110
6
11101111101110011110
6
11101111101110111110
1
00000000000000000000
9
01000000000100000000
8
01010000000100000000
8
01110000000100000000
8
01110000000110000000
5
01110100000110010000
10
11110100000110010000
3
11110101000110010000
6
11111101000110110000
3
11111101000110110000
10
11111101001110110000
3
11111101001110110100
2
11111101101110110110
1
11111101111110110110
1
00000000000000000000
9
01000000000100000000
3
01000001000100000000
8
01100001000100000000
8
01100001000100000000
8
01100001000100000000
8
00000000000000000000
9
01000000000100000000
8
01000000010100000000
8
01010000010100000000
10
01010000010100000000
10
01010000010101000000
10
01010000110101000000
8
11010000110101000000
10
11010100110101000000
10
11010100110101000010
10
11010110110101001010
3
11010110110101001010
8
11010110110101011010
3
11110110110101011010
8
11110110110101011010
3
11110110110101011010
3
11110110111101011010
8
11110111111101011110
1
11110111111101011110
1
11111111111101111110
8
11111111111101111110
1
11111111111101111110
1
00000000000000000000
9
01000000000000000000
9
01000000010000000000
9
01010000010000000000
9
01010000010100000000
10
01010000010101000000
8
01010000110101000000
8
11010000111101000000
8
11010100111101010000
3
11010100111101010000
3
11010110111101010000
8
11010110111101010000
8
11010110111101010000
8
11110110111111010000
3
11110110111111010000
3
11110110111111010000
3
11110110111111010000
3
11110111111111010100
2
11110111111111010100
1
11111111111111110100
2
11111111111111110100
1
11111111111111110100
2
11111111111111110100
2
11111111111111110100
2
11111111111111110100
2
11111111111111111100
2
11111111111111111100
2
11111111111111111100
1
11111111111111111100
2
11111111111111111100
1
11111111111111111100
2
11111111111111111100
1
11111111111111111100
2
11111111111111111100
1
11111111111111111100
2
11111111111111111100
2
11111111111111111101
2
11111111111111111101
2
11111111111111111101
2
00000000000000000000
9
00000100000000000000
9
10000100001000000000
9
10000101001000000100
9
10100101001000000100
9
10101101001000000100
9
11101101001100000100
8
11101101001100000100
8
11101101001100000100
8
11111101001101000100
8
11111101011101000101
8
11111101111101000111
8
11111101111101100111
8
11111101111101100111
8
11111101111101100111
8
11111101111101100111
8
11111101111101110111
8
11111101111101110111
8
11111101111101110111
8
11111101111101110111
8
11111101111101110111
8
11111101111101110111
8
11111101111101110111
8
11111101111101110111
8
11111101111101110111
8
11111101111101110111
8
11111111111101111111
8
11111111111101111111
8
11111111111101111111
8
11111111111101111111
8
11111111111101111111
8
11111111111101111111
8
11111111111101111111
8
11111111111101111111
8
11111111111101111111
8
11111111111101111111
8
11111111111101111111
8
11111111111101111111
8
11111111111101111111
8
00000000000000000000
9
10000000001000000000
9
10100000001000000000
9
11100000001100000000
8
11100000001100000000
3
11110000001101000000
8
11110001001101000000
8
11110001001101000000
8
11110011001101000000
8
11110011101101000000
8
11110011101101000000
8
11110011101101000010
8
11110011101101000010
3
11110011111101000011
3
11111011111101100011
3
11111011111111100011
3
11111111111111110011
3
11111111111111110011
3
00000000000000000000
9
00000000100000000000
9
00010000100000000000
9
00010100100000000000
9
00010101100000000100
9
00010101100000000100
9
00010101100000000100
9
01010101100100000100
8
01010101100100000100
8
01010101100100000100
10
01010101100101000100
10
01010111100101000100
10
01010111100101000100
10
01010111100101000100
10
01010111110101000100
10
01110111110101000100
10
01110111110101000100
10
01110111110101000101
10
01110111110101000101
10
11110111111101000101
8
11110111111101000101
8
11110111111101000101
8
11110111111101000101
8
11110111111101000101
8
11110111111101000101
8
11111111111101100101
8
11111111111111100101
5
11111111111111100101
5
11111111111111110101
2
11111111111111110101
2
11111111111111110101
2
11111111111111110101
2
11111111111111110101
2
11111111111111110101
2
11111111111111110101
2
11111111111111110101
2
11111111111111110101
2
11111111111111110101
2
11111111111111110101
2
00000000000000000000
9
10000000001000000000
9
10001000001000100000
9
10001100001000100000
9
10001100001000100000
9
10001100001000100000
9
10001110001000101000
9
10101110001000101000
9
11101110001100101000
3
11101110001100101000
3
11101110001110101000
3
11101111001110101100
5
11101111001110101100
5
11101111001110101100
5
11101111001110101100
5
11101111101110101100
5
11111111101111101100
5
11111111101111101110
5
11111111111111101111
5
11111111111111101111
5
11111111111111101111
5
11111111111111101111
5
11111111111111101111
5
11111111111111101111
5
11111111111111101111
5
00000000000000000000
9
00000001000000000000
9
00000001010000000001
9
10000001011000000001
9
10001001011000000001
9
10001001011000000001
9
10101001011000000001
9
11101001011100000001
8
11101001011100000001
8
11111001011100000001
3
11111001011101000001
3
11111001011101000001
3
11111001011101100001
8
11111001011101100001
3
11111001011101100001
3
11111011011101100001
3
11111011011101100001
3
11111011011101100001
3
11111011011111100001
5
11111011011111100001
3
11111011111111100011
3
11111011111111100011
3
11111011111111100011
5
11111011111111100011
3
11111111111111110011
3
11111111111111110011
3
11111111111111111011
3
11111111111111111011
3
11111111111111111011
3
11111111111111111011
3
00000000000000000000
9
00000100000000010000
9
01000100000100010000
10
01000100100100010010
10
01010100100101010010
10
01010100100101010010
10
01010100100101010010
10
01010100100101010010
10
01010100100101010010
10
01010100110101010011
10
01010101110101010011
10
01110101110111010011
3
01110101110111010011
6
01110101110111010011
3
01110101110111010011
6
01110101110111010011
3
11110101111111010011
3
11110101111111010011
3
11110101111111010011
3
11110101111111010011
6
11110111111111011011
6
11110111111111011011
6
11111111111111111011
3
11111111111111111011
3
11111111111111111011
3
11111111111111111011
3
11111111111111111011
3
11111111111111111011
3
00000000000000000000
9
00100000000000000000
9
00100010000000000000
9
00100010000000001000
9
00101010000000001000
9
00101010010000001000
9
00101010010000001000
9
00101010010000001000
9
00101010010000001000
9
00101010010000001000
9
00101010110000001000
9
00101010110000001000
9
10101010111000001000
9
10101110111000001000
9
10101110111000001000
3
11101110111100001000
8
11101110111100001000
8
11101110111100101000
3
11101110111100101000
3
11101110111100101000
3
11101110111100101000
3
11111110111101101000
3
11111110111101101000
8
11111110111101101000
8
11111110111101101001
8
11111110111101101001
8
11111111111101101101
8
