-21400
-21930
-29690
-19560
-13175
-28270
-18550
-18670
-31455
-25560
-22700
-25630
-23815
-30425
-26800
-29000
-17410
-30870
-14415
-32450
-28955
-30485
-29315
-26855
-29765
-30795
-21885
-22830
-33440
-23510
-24690
-34445
-29460
-35935
-30370
-30835
-33085
-28200
-23560
-22460
-17855
-28310
-28940
-25070
-24705
-28380
-21895
-22185
-28320
-28610
-23385
-33115
-29180
-24480
-36375
-26100
-21935
-25955
-32640
-31880
-31270
-30515
-28115
-23640
-19970
-27810
-23145
-26410
-23625
-27650
-20145
-31790
-25555
-23450
-33455
-15270
-16230
-27955
-24485
-22450
-24790
-29565
-19410
-30340
-18195
-26720
-22530
-28705
-24515
-27460
-29935
-32755
-26830
-31065
-24425
-19950
-32680
-33410
-27865
-25900
