-58.5
-58.75
-44.75
-69.5
-46.75
-52
-80.25
-71
-42
-65.25
-61
-67
-62
-58.75
-56.75
-64.75
-67
-65.5
-57.25
-64.25
-77.25
-71.75
-61
-35.75
-67.25
-72.5
-62.25
-68.75
-75.75
-73.25
-42.75
-51.75
-67.25
-67.75
-57
-56.75
-62.25
-72.25
-58.25
-62.75
-67
-68.75
-59
-55
-54.25
-58.25
-70
-59
-68.75
-57.75
-61.25
-73.25
-72.75
-71.5
-67.5
-51.5
-44.25
-59.25
-56
-55
-64.25
-74.5
-63.25
-72.75
-59.5
-67.75
-63
-79.25
-44
-69.25
-63.25
-72.25
-79.25
-63.5
-58.25
-68.75
-50
-70
-48.75
-66.25
-71.5
-58
-36.5
-60.5
-66.25
-66.75
-62
-59
-41.5
-76
-72.25
-78.5
-52
-62.5
-62.25
-79.25
-60.5
-59
-60.75
-66
