-125.58
-64.93
-93.33
-172.34
-169.29
-187.12
-186.64
-145.72
-126.13
-188.03
-612.67
-109.74
-81.21
-463.32
-357.72
-162.63
-197.56
-116.41
-325.39
-665.88
-170.57
-206.68
-217.21
-185.31
-323.37
-91.92
-367.41
-129.58
-84.42
-459.6
-184.2
-185.11
-189.99
-399.55
-396.39
-329.75
-134.84
-142.95
-149.83
-225.5
-91.06
-231.72
-112.41
-347.16
-181.04
-196.26
-53.13
-328.72
-194.22
-124.7
-366.37
-182.24
-77.41
-95.71
-174.61
-113.18
-296.52
-90.85
-114.48
-152.98
-64.49
-126.61
-228.04
-481.59
-128.89
-220.48
-102.65
-101.85
-270.44
-188.24
-77.37
-183.56
-99.99
-93.66
-471.28
-183.29
-188.88
-64.46
-256.38
-187.32
-95.74
-160.19
-194.58
-119.75
-167.16
-111.57
-109.27
-126.4
-121.45
-560.63
-113.27
-126.37
-385.8
-74.44
-285.01
-349.4
-802.13
-79.71
-122.6
-188.37
