-1148.36
-1259.67
-644.82
-941.86
-1076.42
-763.17
-550.82
-600.84
-653.07
-1081.36
-1191.86
-1168.86
-752.86
-1088.86
-1201.36
-831.36
-695.11
-661.57
-962.17
-1014.11
-881.61
-776.02
-744.36
-960.42
-954.82
-938.32
-758.61
-560.61
-1064.61
-1292.36
-936.36
-867.17
-898.11
-1239.17
-547.98
-864.61
-1171.36
-1088.87
-513.63
-826.42
-689.34
-1176.36
-776.36
-1033.11
-569.13
-498.17
-828.61
-614.12
-1226.86
-1194.11
-852.17
-832.36
-755.07
-918.07
-975.86
-797.36
-1032.36
-956.11
-507.36
-1185.11
-1202.86
-1039.61
-973.36
-1075.36
-879.57
-419.57
-495.11
-1159.36
-874.11
-1033.61
-1083.86
-981.61
-714.67
-737.11
-1260.36
-620.17
-1051.36
-693.36
-906.86
-1078.11
-685.11
-946.36
-953.11
-736.42
-841.61
-788.12
-701.08
-919.61
-1007.11
-991.32
-773.87
-1073.61
-503.32
-1106.86
-1080.32
-1084.42
-725.11
-978.36
-313.59
-1037.86
