906.75
714.75
758.75
692.5
616.75
710.75
667.75
701.75
752.75
721.75
799.75
782.75
647.75
572.75
714.75
900.75
719.75
789.75
772.75
979.75
688.5
762.75
820.75
670.75
720.75
847.75
767.75
724.75
783.75
634.5
784.75
742.75
680.75
792.75
722.75
755.75
727.75
838.75
780.75
725.75
804.75
652.75
693.75
817.75
841.75
671.75
779.75
740.75
747.75
525.75
646.75
650.75
679.75
740.75
875.75
721.75
740.75
1008.75
723.75
840.75
767.75
843.75
759.75
817.75
721.75
835.75
675.75
511.75
765.75
911.75
659.75
682.75
657.75
627.75
634.75
675.75
662.75
954.75
768.75
639.75
801.75
685.75
752.75
753.75
696.75
683.75
860.75
630.75
609.75
710.75
855.75
783.75
768.75
742.75
733.75
709.75
687.75
649.75
765.75
720.75
