010101000000000000100000
1
010010000010000000000001
4
010101000000000000100000
1
010101000000000000100000
1
010100000000000000100011
1
010101000000000000100000
1
010100000000001000000000
3
010000000010000000000001
3
000001100000000000000000
3
010101000000000000100000
1
010100000000000000010000
1
010000000000000000100001
1
000001000000000000010000
1
000100000000000000100000
1
010000000000000000100010
1
000010000000001000000001
3
001001000000000100000010
3
010101000000000000100000
1
010100000000000000100000
1
010000000000000000100001
1
000001000000001000000000
3
000100000000000000100001
1
010001000000001000000000
3
000100000000000100000010
3
010010000000000010000010
3
010101000000000000100000
1
010100000000000000100000
1
010000000000000000010000
1
010101000000000000100000
1
010100000000000000100001
1
010001000000000000100000
1
000100000000001000000000
3
000011000000001000000001
3
001101000000000000100000
1
110100000000000000100000
1
010000000000000000010001
1
000001000000000000100001
1
010101000000000000100000
1
010100000000001000000000
3
010000000010000000000000
3
000000100000000000000001
3
000001010000000000000000
4
000100001000000000000010
3
010010010000000000000000
3
010101000000000000100000
1
010100000000000000010000
1
010000000000000000100000
1
010101000000000000100000
1
010100000000000000100000
1
010000000000000000100000
1
000010000000000000100000
1
010101000000000000100000
1
010100000000000000100011
1
010011000000000000010000
1
001100000000000100000000
3
110000000000000010000010
3
000010000000100000000010
4
001010000000010000000010
4
101010000100000000000001
4
101001000100000000000001
4
100101000100000000000000
4
010100000100000000000000
4
010101000000000000100000
1
010100000000000000100011
1
010011000000000000100000
1
001100000000001000000000
3
110000000000001000000000
3
000010000000000000100011
1
001011000000000000100000
1
101100000000000000010000
1
110000000000000000100011
1
000011000000000000100001
1
001101000000001000000000
3
110100000000000000100000
1
010000000000000000100001
1
000001000000000000010001
1
000101000000000000100000
1
010101000000000000100000
1
010100000000001000000000
3
010000000000000100000000
3
000010000000000000100000
1
100010000000000000100001
1
001001000000000000010000
1
100100000000000000001000
3
010000000000000010000000
3
000000000000000001000000
4
000000000000000010000001
3
000001000000000100000010
3
000110000000001000000000
3
100010000000001000000000
3
100010000000001000000000
3
001000000000000000100011
1
100011000000000000100000
1
001100000000000000100000
1
110000000000001000000001
3
000001000000000100000000
3
000100000000001000000000
3
010000000000000100000011
2
001110000000001000000000
3
111000000000000100000010
3
100010000000001000000001
3
001001000000001000000001
3
100101000000000100000000
3
010010000000000000100011
3
001011000000000000010000
3
101100000000000100000000
3
110000000000001000000000
3
000000000000001000000000
3
000000000000000100000001
2
000001000000000000010000
1
010101000000000000100000
1
010100000000000000010000
1
010101000000000000100000
1
010100000000000000100010
1
010010000000000000100000
1
001000000000000000100000
1
100000000000000000100001
1
000001000000000000010000
1
000100000000000000100000
1
010000000000000000100001
1
010101000000000000100000
1
010100000000000000010000
1
010000000000000100000000
3
000000000000000000010000
1
010101000000000000100000
1
010100000000000000100001
1
010001000000001000000000
3
000100000000000100000010
3
010010000000000000010001
1
001001000000000100000000
3
100100000001000000000000
3
010000010000000000000011
3
000011100000000000000000
3
001100010000000000000010
4
010101000000000000100000
1
010100000000000000100010
1
010010000000000000100001
1
001001000000000000010001
1
010101000000000000100000
1
010100000000000000100001
1
010001000000000000100000
1
000100000000000000100001
1
010001000000000000100000
1
000100000000000000100000
1
010000000000000000010000
1
010101000000000000100000
1
010100000000000000100000
1
010000000000000000100001
1
000001000000000000100010
1
000110000000000000100001
1
100110000000000000100000
1
011000000000000000010000
1
010101000000000000100000
1
010100000000000000100010
1
010010000000001000000001
3
001001000000000100000010
3
100110000000001000000001
3
011001000000000100000011
1
100111000000001000000000
3
010101000000000000100000
1
010100000000000000100010
1
010010000000000000100010
1
001010000000000000100010
1
101010000000000000100000
1
101000000000000000100010
1
100010000000000000100000
1
001000000000001000000001
3
100001000000001000000001
3
000101000000000000100001
1
010101000000001000000001
3
010101000000000000100000
1
010100000000000000100010
1
010010000000000000100000
1
010101000000000000100000
1
010100000000000000100000
1
000011000010000000000010
4
001110000000001000000000
3
111000000010000000000010
3
100010100000000000000010
3
001010000010000000000000
4
101000000000001000000001
3
100001000000001000000000
3
000100000010000000000001
3
010001000000001000000001
3
010101000000000000100000
1
010101000000000000100000
1
010101000000000000100000
1
010011000010000000000010
4
001110100000000000000000
4
010101000000000000100000
1
010100000000000000010001
1
010001000000000000100001
1
000101000000000000010001
1
010101000000000000100000
1
010100000000000000100001
1
010001000000001000000000
3
000100000000000100000010
3
010010000000000000010001
1
001001000000000000001010
3
100110000000000010000000
3
011000000000000000001000
3
010101000000000000100000
1
010100000000000000100000
1
010000000000000000100000
1
000010000000000000100010
1
010101000000000000100000
1
010100000000000000100011
1
010101000000000000100000
1
010100000000001000000000
3
010000000010000000000000
3
000000100000000000000001
3
000001010000000000000000
4
000100001000000000000010
3
010010010000000000000000
3
010101000000000000100000
1
010100000000000000010000
1
010000000000000000100000
1
010101000000000000100000
1
010100000000000000100000
1
010000000000000000100000
1
000010000000000000100000
1
010101000000000000100000
1
010100000000000000100011
1
010011000000000000010000
1
001100000000000100000000
3
110000000000000010000010
3
000010000000100000000010
4
001010000000010000000010
4
101010000100000000000001
4
101001000100000000000001
4
100101000100000000000000
4
010100000100000000000000
4
010101000000000000100000
1
010100000000000000100011
1
010011000000000000100000
1
001100000000001000000000
3
110000000000001000000000
3
000010000000000000100011
1
001011000000000000100000
1
101100000000000000010000
1
110000000000000000100011
1
000011000000000000100001
1
001101000000001000000000
3
110100000000000000100000
1
010000000000000000100001
1
000001000000000000010001
1
000101000000000000100000
1
010101000000000000100000
1
010100000000001000000000
3
010000000000000100000000
3
000010000000000000100000
1
100010000000000000100001
1
001001000000000000010000
1
100100000000000000001000
3
010000000000000010000000
3
000000000000000001000000
4
000000000000000010000001
3
000001000000000100000010
3
000110000000001000000000
3
100010000000001000000000
3
100010000000001000000000
3
001000000000000000100011
1
100011000000000000100000
1
001100000000000000100000
1
110000000000001000000001
3
000001000000000100000000
3
000100000000001000000000
3
010000000000000100000011
2
001110000000001000000000
3
111000000000000100000010
3
100010000000001000000001
3
001001000000001000000001
3
100101000000000100000000
3
010010000000000000100011
3
001011000000000000010000
3
101100000000000100000000
3
110000000000001000000000
3
000000000000001000000000
1
000001000000000000010000
3
010101000000000000100000
1
010100000000000000010000
1
010101000000000000100000
1
010100000000000000100010
1
010010000000000000100000
1
001000000000000000100000
1
100000000000000000100001
1
000001000000000000010000
1
000100000000000000100000
1
010000000000000000100001
1
010101000000000000100000
1
010100000000000000010000
1
010000000000000100000000
3
000000000000000000010000
1
010101000000000000100000
1
010100000000000000100001
1
010001000000001000000000
3
000100000000000100000010
3
010010000000000000010001
1
001001000000000100000000
3
100100000001000000000000
3
010000010000000000000011
3
000011100000000000000000
3
001100010000000000000010
4
010101000000000000100000
1
010100000000000000100010
1
010010000000000000100001
1
001001000000000000010001
1
010101000000000000100000
1
010100000000000000100001
1
010001000000000000100000
1
000100000000000000100001
1
010001000000000000100000
1
000100000000000000100000
1
010000000000000000010000
1
010101000000000000100000
1
010100000000000000100000
1
010000000000000000100001
1
000001000000000000100010
1
000110000000000000100001
1
100110000000000000100000
1
011000000000000000010000
1
010101000000000000100000
1
010100000000000000100010
1
010010000000001000000001
3
001001000000000100000010
3
100110000000001000000001
3
011001000000000100000011
2
100111000000001000000000
3
010101000000000000100000
1
010100000000000000100010
1
010010000000000000100010
1
001010000000000000100010
1
101010000000000000100000
1
101000000000000000100010
1
100010000000000000100000
1
001000000000001000000001
3
100001000000001000000001
3
000101000000000000100001
1
010101000000001000000001
3
010101000000000000100000
1
010100000000000000100010
1
010010000000000000100000
1
010101000000000000100000
1
010100000000000000100000
1
000011000010000000000010
4
001110000000001000000000
3
111000000010000000000010
3
100010100000000000000010
3
001010000010000000000000
4
101000000000001000000001
3
100001000000001000000000
3
000100000010000000000001
3
010001000000001000000001
3
000101000000000000100000
1
010100000000000000100001
1
010001000000000000100000
1
000100000000000000010001
1
010001000000000000010000
1
000100000000000000010000
1
000001000000001000000001
3
000101000000000000100011
1
010111000000001000000000
3
011100000000000100000000
3
110000000000000000010000
1
010101000000000000100000
1
010010000000001000000000
3
001000000000001000000001
3
100001000010000000000011
4
000111000000001000000000
3
011100000000000000100000
1
110000000000000000100011
1
000011000000000000100000
1
001100000000000000010000
1
110000000000000000100001
1
000001000000001000000000
3
000100000000000000100000
1
010000000000000000100001
1
000001000000000000100001
1
000101000000000000100001
1
010111000010000000000000
4
011100000010000000000001
3
110001000000001000000000
3
000100000010000000000001
3
010001000010000000000001
3
000101000010000000000010
3
010110000001000000000000
3
011000010000000000000010
3
100010100000000000000000
3
001000100000000000000010
4
010101000000000000100000
1
010100000000000000010001
1
010001000000000100000000
3
000100000000000010000010
3
010010000000000001000000
4
001000000000010000000000
4
100000000000000001000000
4
000000000000000001000000
4
000000000000010000000010
4
000010000100000000000001
4
001001000100000000000000
4
100100001000000000000010
3
010101000000000000100000
1
010101000000000000100000
1
010100000000000000010000
1
010000000000000000010000
1
000000000000000000100000
1
000000000000001000000001
3
000001000010000000000000
3
000100000001000000000000
3
010000010000000000000000
4
000000100000000000000010
3
000010000010000000000010
4
010101000000000000100000
1
010100000000000000100000
1
010000000000001000000000
3
000000000010000000000000
3
000000000001000000000001
3
000001000000000100000000
3
000100000001000000000001
3
