-15830
-18300
-14520
-15500
-11495
-14510
-18195
-14695
-12095
-16855
-15195
-13370
-14270
-15320
-19545
-13775
-12920
-12230
-11975
-14155
-12185
-10975
-11845
-15920
-8515
-15910
-12515
-11090
-12090
-10640
-15800
-17780
-11275
-8280
-12125
-15065
-10830
-11025
-16220
-17695
-14405
-15280
-8295
-12740
-12230
-13070
-18770
-15055
-8315
-17070
-12225
-18585
-14555
-12300
-8330
-17230
-8325
-14415
-15085
-14945
-17720
-10770
-16870
-11315
-11550
-15160
-11825
-17220
-17420
-16470
-8330
-15255
-12340
-11810
-8380
-15330
-17900
-8315
-19485
-8315
-17190
-12070
-17950
-13050
-19710
-19435
-12240
-14295
-15720
-13440
-8385
-16705
-19365
-12610
-12150
-17380
-15300
-11840
-17475
-13800
