-16655
-16900
-19615
-21340
-15435
-17170
-18845
-12720
-20235
-18330
-20640
-20260
-16980
-20470
-21360
-16020
-19625
-15595
-17465
-19610
-19005
-20395
-18680
-15865
-12310
-17395
-10165
-14465
-17845
-17415
-17145
-20360
-15755
-17695
-14560
-18005
-16410
-17080
-18550
-20525
-18165
-19130
-17480
-16645
-20090
-15955
-19985
-18700
-19040
-18700
-16450
-17785
-19540
-16730
-19495
-12845
-21360
-19095
-19325
-16925
-17145
-15180
-17835
-18670
-17090
-19885
-15725
-15695
-15560
-18185
-13355
-18805
-18790
-15980
-19645
-16755
-19325
-18685
-15500
-15965
-20070
-18815
-18855
-21635
-15525
-19510
-21680
-17350
-19300
-18800
-16430
-20730
-20370
-19375
-16640
-19095
-14460
-13410
-13105
-17080
