-32455
-30695
-24790
-29010
-31425
-19800
-22370
-29975
-30045
-17050
-26540
-30620
-30465
-31565
-37085
-28710
-29825
-29230
-26215
-30425
-25085
-26020
-16330
-32005
-32945
-30610
-21045
-30460
-24795
-31075
-27180
-35145
-29045
-21465
-24275
-33555
-30520
-25820
-20500
-35710
-19760
-25650
-28725
-33105
-30695
-23630
-20165
-25435
-22620
-33240
-32270
-19555
-32520
-31875
-27975
-27860
-27960
-18270
-36415
-38300
-30215
-19815
-29625
-29830
-25700
-16055
-28255
-24700
-28305
-32965
-20225
-35690
-35450
-27850
-32895
-28925
-33995
-26960
-11085
-33620
-18635
-23445
-21900
-28650
-27755
-34875
-24085
-32885
-27830
-23455
-21480
-36230
-19725
-32275
-20625
-29630
-30800
-31075
-24295
-28210
