693.75
701.75
614
594
553
593
590.75
647.75
646.5
572
654
620
646.75
578
558.75
631
651.75
610.5
604.75
542
664.75
618
639.5
639.75
650
575
601
679
556
675
708
716
497.75
564.75
730.75
528.5
635
591
625.25
558.75
724
564
449.5
663
710.75
638
703.5
637.75
622.25
603.5
576.5
544.75
636.75
673
562.5
677.75
665
581
607.75
768.75
644.75
558.5
679
785.75
652.5
653.75
647
622.75
576.75
460
932.75
567
701
668.75
679.75
624.5
623
664
687.75
628.75
562.5
634
600
628.5
615.75
546
675
624
674
672.5
630.75
579.75
631.75
646
705
542.75
570.5
664
617.25
672
