-335
-490
-150
-190
-125
-115
-145
-100
-230
-1755
-165
-165
-220
-130
-135
-170
-190
-110
-155
-115
-7150
-165
-160
-3280
-115
-190
-145
-190
-225
-185
-10800
-100
-90
-145
-220
-3225
-100
-135
-3400
-3295
-100
-150
-3400
-660
-170
-185
-140
-70
-210
-4595
-105
-110
-6285
-125
-3880
-160
-125
-190
-3770
-165
-5740
-140
-115
-100
-100
-150
-3225
-190
-140
-95
-6690
-60
-150
-165
-145
-3500
-120
-325
-135
-105
-120
-1710
-115
-55
-155
-110
-7405
-505
-70
-165
-125
-12325
-185
-115
-225
-4895
-130
-105
-240
-165
