-13250
-11910
-12295
-12285
-8465
-14245
-12370
-14395
-14065
-12660
-8430
-8525
-8100
-11640
-12295
-12540
-13140
-10405
-12940
-8460
-8495
-8840
-10360
-8145
-8385
-8060
-11375
-12400
-8355
-8170
-8110
-12290
-10355
-8455
-10765
-16765
-12505
-12305
-9630
-8205
-15630
-10010
-8130
-10005
-13330
-8320
-8055
-9170
-8175
-8420
-12875
-17010
-14280
-8305
-8195
-9455
-13210
-12580
-8355
-10475
-9580
-15630
-8415
-13145
-8385
-15090
-11165
-13740
-8525
-11040
-16025
-12295
-8485
-15520
-11860
-14775
-8370
-11935
-9735
-12125
-13280
-11620
-9800
-15530
-8065
-11700
-11220
-10075
-9685
-13540
-11925
-15855
-8235
-14355
-11930
-14595
-8045
-14070
-8805
-13590
