-1190.36
-468.92
-925.61
-1313.61
-1098.61
-1178.61
-1295.86
-1224.61
-1140.36
-622.99
-1028.11
-205.28
-1201.61
-686.36
-878.61
-1154.86
-607.49
-1131.86
-882.86
-480.61
-574.92
-984.36
-747.11
-1442.86
-850.86
-1180.61
-920.36
-807.36
-576.08
-633.07
-1271.61
-610.11
-1097.86
-1141.11
-937.82
-796.61
-1088.61
-1017.61
-1156.36
-737.36
-583.42
-517.82
-298.23
-962.36
-935.86
-907.36
-1168.92
-861.61
-1044.61
-960.57
-904.86
-942.36
-919.61
-905.11
-897.17
-1151.86
-850.11
-1105.86
-536.36
-742.11
-946.61
-573.11
-1210.36
-1080.86
-1082.86
-821.62
-464.11
-1268.61
-1277.86
-988.86
-727.11
-966.86
-829.86
-1265.11
-381.92
-1085.61
-589.73
-1041.36
-785.23
-974.86
-1182.61
-825.86
-658.12
-1270.36
-1229.67
-774.11
-475.48
-774.92
-1052.86
-1127.36
-390.13
-1213.36
-602.67
-368.78
-1172.86
-1077.86
-1165.11
-534.61
-930.17
-585.17
