-4470
-26840
-24445
-22380
-23185
-23840
-23425
-4085
-25360
-26955
-22405
-4110
-26150
-19770
-23140
-25785
-26365
-4245
-8795
-17365
-20145
-23800
-4200
-21820
-21390
-22055
-17185
-20470
-15130
-21750
-23870
-21815
-17910
-4220
-15390
-20220
-19480
-19605
-23360
-20965
-14085
-22100
-22725
-17840
-20520
-24815
-21815
-24630
-22645
-22900
-24100
-19455
-27445
-24035
-23225
-26765
-4200
-25945
-26085
-25520
-10250
-13770
-4340
-23255
-19800
-26890
-20190
-23860
-25245
-24090
-22600
-23025
-18455
-19460
-24220
-23870
-19615
-24470
-17390
-22970
-25455
-19585
-11120
-18745
-16710
-19100
-19750
-23920
-17835
-22620
-11580
-26570
-21660
-22195
-21960
-21840
-25870
-21975
-15185
-22495
