00000000000001000000001000010000
0
00001111000000100000000100000000
2
00101111000000000000000000000000
1
10101101000000000000000000001001
1
10110101100000000001000000000010
0
10110100101000000000100000001000
4
00110100100100000000010000001000
3
00011100100010000000001000001100
1
00001110010010010000000100001010
3
01001111101010001100000000000001
4
11001011001010010011000010000000
1
11010011001001000101000001100000
2
11110010000100100001000010010001
0
11110000000010000001000000100011
3
10110000001001000000100000000001
4
10110100000100100001010000000000
3
11110100000010000000101000000000
4
01110000000010000000010100000000
0
01111000000001000000001000000000
3
00111000000000100000000100000000
0
00011100000000000000000000000100
1
00001110010000000000000000001000
2
00101111100000001000000000000000
4
10101101000000010010000000000110
2
10000101011000000100000001000000
3
11000111000100001100000000010000
2
11100011000010000010000010000000
3
10100001000001000000000001100010
0
10100101001000100000000000010000
4
10000101000100000000000000000000
3
10000111000010000000000000000000
4
00000111000010000000000000000000
2
00101111000010000000000000000000
0
00101101000010000000000000000001
1
00001101000010000001000000000000
0
10001111000010000001000000001001
2
10100111100010000001000000000001
4
00100101100010000001000000001001
3
01101101100010000000100000001001
0
01101001000010010001010000001000
0
00000000000001000000001000010000
0
00001111000000100000000100000000
1
00011111000000000000000000000000
2
00111110000000000000000000000001
0
00111100000000000001000000000110
4
10111100011000000000100000001000
0
11110100101000001000010000000000
4
01110000100100000010001000000000
1
01101000100010000010000100000010
4
11101001001001010010000000000000
2
11000001001000100100000001000000
1
11010011000100000100000000011000
4
11010010100010000000000010000010
2
11110010101001000000000000101001
4
01110000100100100001000000001000
2
01011000100010000000100000001000
3
00011010000001010000010000001000
1
10011110100000100100001000000000
2
10110110100000000000000110000010
1
10100100101000000000000000100000
4
11100101100100000000000000000000
4
01100001100010000000000000000000
3
00101001100001000000000000000010
4
10101101001000110000000000000000
2
10110101001000000100000000000100
2
10010100010100000100000000001000
4
00010110100010001100000000000000
1
00011110100010000010000010000001
1
00001110000010010011000000100000
3
01001111000010000111000000000010
2
01101011001010000001000011000000
4
01111001001001000001000000110000
4
11111000001000100000100000001100
3
11110000111000000000010000000000
3
10110000110100000000001000001010
4
00110100111010000000000100001001
3
01111100101010001001000000001100
4
11111000011010010010100000001000
0
10110000111001000110010000000000
1
10100100110100100110001000000101
0
00000000000001000000001000010000
0
00001111000000100000000100000000
0
00101111000000000000000000001110
0
00101101111000000000000000000000
4
00111101001000011000000000001000
2
00011100101000000110000000000001
4
10011110001000010111000000000000
1
10000110001000010011000010001000
4
00000111100100000111000000100001
2
00101111100010000001000011000001
1
00111101000010010001000000110001
3
00011100000010000100100000001001
3
01011110100010000101010000000000
2
01111010000010010001001010000010
4
11111000001001000101000100100001
0
11110000001000100100100000000001
0
11110000000100000101010000000000
2
01110000000010000100101000001100
2
01111000110001000100010100000001
3
11111000010000110101001000000000
2
11100000010000010100100100000000
2
11000001010000010100010000000000
3
10000011010000010100010000000000
1
10010111010000010000010010000100
3
11010110000000001100010000100101
1
11000010010000000011001010000000
3
10000011010000000011000100100000
2
10100111010000000001000001000100
4
00100101000000001001000000011100
2
00111101110000000010100000000000
2
00011100000000011010010000000000
1
10011110000000001110001000000000
1
10000110000000001010000110000000
2
10100111000000001010000000100000
0
10100101000000001000000001000000
0
10100101000000000010000000010001
1
10110101000000000001000001000000
4
00110100000000000000100000010000
1
00101100000000000000010000000010
3
01101101001000000000010000000001
0
00000000000001000000001000010000
0
00001111000000100000000100001110
0
00001111111000000000000000000000
4
10001111001000011000000000000100
0
10000111011000000110000000000000
3
11000111000100001000000011000010
2
11100011001010000010000000110000
0
11100001000101000000000001000001
1
11110001000010100001000000011010
0
11110000101001000000100000000001
4
01110000100100100001010000000000
0
01111000100010000000101000000000
2
01011000000001010000010100001000
3
00011010100000100100001000000000
0
00011110000000010000000110000000
1
00001110000000000100000000100100
2
10001111010000000000000010000001
2
10100111000000001001000000101000
4
00100101100000000011000000000100
1
00111101110000000000100001000000
2
00011100000000011000010000010000
1
00001110000000000110001000000001
2
00101111000000000011000110000000
1
00111101000000000001000001100000
0
00111100000000000000100000010001
0
00111100000000000001010000000100
0
00011100010000000000101000000000
3
01011110000000001000010100000010
4
11011010001000000010001000000000
1
11000010001000000010000100000000
2
11100011000100000010000000000000
4
11100001000010000000000001001100
3
10100001110001000000000000010001
4
00100101110000100001000000001000
2
00101101100000001000100000001100
2
00001101010000010010010000001000
0
00001111100000001100010001000000
0
00001111000000010010010010010000
2
00101111000000000100010001100110
0
00101101011000000100010000010000
0
00000000000001000000001000010000
0
00001111000000100000000100000001
2
00101111000000000001000000001000
1
00111101100000000001000000000000
2
00011100000000010000100000000100
4
10011110010000000100010000000000
1
10000110000000001000001010000000
2
10100111000000000010000100100100
4
00100101010000000000000001000010
0
00111101001000001000000000010000
4
01111100001000000010000000000100
1
01101000011000000010000000000001
3
00101001011000000011000000000000
4
10101101011000000000100001000000
1
10110101001000001000010000010010
3
11110100000100000010010000000010
1
11100000001010000010001000001100
3
11000001110101000010000100000000
4
01000011110010100000000001001000
3
00001011110001000000000000011011
0
00001111011000110001000000001000
0
01001111101000001101000000000001
2
01011011001000010011000010000001
2
01111010001000000111000000100001
4
11111000001000000111000000000101
0
11110000011000000110100000000001
0
11110000010100000111010000000000
1
11100000010010000110101000000000
3
10100001010001000110010100000000
2
00100101010000100100010001000000
2
01101101000000001100010000010000
2
01001001000000000110010000000000
1
01011011000000000100010001001000
3
00011010100000000000010010010100
1
00001110010000010000001000100000
0
00001111000000001100000100000100
2
00101111010000000010000010000000
0
00101101000000001000000001100000
2
01101101000000000010000000010001
4
11101001000000000001000001000000
0
00000000000001000000001000010000
0
00001111000000100000000100000000
2
01001111000000000000000000000010
4
11001011001000000000000000000000
2
11100011001000000000000000000000
1
11110001000100000000000000000000
0
10110000000010000000000000000000
4
00110100000010000000000000001000
3
01111100100010000000000000000000
2
01011000000010010000000000000001
3
01001010000001000101000000000010
2
01101011001000100001000010000000
4
11101001001000000001000000100000
1
10100001001000000000100000000100
1
10110101010100000000010000000000
3
11110100000010001000010000000000
1
01110000000010000010001000000000
1
00111000000001000010000100001100
1
00101100110000100010000000000010
4
10101101001000011010000000000100
2
10000101011000001100000001000000
4
00000111010100000110000000010001
2
00101111000010001001000011000000
3
01101101000010000011000000111100
1
01111001110010000000100001000000
3
01011000010001010000010000010000
3
00011010010000100100001000001100
1
00011110110000000000000110000111
1
00001110001000011001000000100100
4
10001111011000000111000000000000
2
10100111001000001001000011001100
4
00100101110100000011000000110000
0
01101101100010001000100001000000
2
01001001000010010010010000010001
1
00001011000001000101010001001000
1
10001111100000100001010010010000
1
10010111100000000001010000100000
2
10110110100000000001010000000001
3
00110100100000000001001000001001
1
00101100100000000000100100001011
0
00000000000001000000001000010000
0
00001111000000100000000100000000
2
00101111000000000000000000000010
4
10101101001000000000000000001100
0
10100101111000000000000000000000
4
00100101100100001000000000000000
3
00001101100010000010000000000111
0
00001111011010010001000001000000
3
00101111001010001101000000010000
3
01101101001010000111000000000000
4
11101001001010000100100001000000
2
11000001001001000100010000010000
1
11010011000100100100010000000000
2
11110010000010000000010010000000
3
10110000000001000000001000100000
0
10110100000000100000000100000000
1
10100100000000000000000000000101
0
10100101010000000001000000000000
4
00100101000000001000100000000100
2
00001101010000000010010000000001
1
01001111000000001001010001000000
1
01011011000000000011010000010000
2
01111010000000000011010000000100
1
01101000010000000011001000000000
3
00101001010000000010100100000100
0
00101101010000000000010001000100
2
00111101000000001000010000011110
3
01111100111000000010010000000001
1
01101000011000010011001000000000
3
00101001011000000110100100001000
4
10101101111000000100010001000001
2
11100101101000001101010000011010
1
11110001100100000110110000001010
2
11010000101010000110110000001000
4
01010010100101000110101000001010
2
01111010101010100010010110001100
4
11111000011001010010001000101000
0
11110000111000100110000100000000
4
01110000110100000110000000000000
0
00111000110010000110000000000000
0
00000000000001000000001000010000
0
00001111000000100000000100000001
2
00101111000000000001000000000000
1
10101101000000000001000000000000
1
10110101000000000000100000000000
4
00110100000000000000010000000100
1
00101100010000000000001000000011
4
10101101001000001001000100000100
0
10110101011000000010100000000000
3
00110100000100001010010000000100
1
00101100010010001010001000000000
3
01101101010010001010000100000000
0
01101001010010001000000001000000
3
00101001010001000010000000010001
0
00101101010000100001000001000000
2
00001101000000001000100000010110
4
10001111011000000010010000000000
0
10000111001000001000010001000000
3
11000111000100000010010000010001
1
11010011000010000001010001001010
2
11110010101001000001010000010000
4
01110000100100100001001000000110
2
01111000111010000000100100000001
3
00000000000001000000001000010000
0
00001111000000100000000100000100
0
00001111010000000000000000000000
2
10001111000000001000000000000100
2
10100111010000000010000000000000
0
10100101000000001000000001000000
0
10100101000000000010000000010100
4
10000101010000000000000001000000
0
10000111000000001000000000010100
2
10100111010000000010000000001001
4
00100101100000001001000001000000
2
00001101100000000010100000010000
1
00011111000000010000010001000100
4
10011110010000000100010000010010
1
10000110001000001000001010000100
4
11000111010100000010000100100000
2
11100011010010000000000001000100
3
10100001010001000000000000010101
0
10100101010000100001000000000100
0
10100101000000001000100000000101
2
10000101010000000011010000000000
1
10010111000000001001010001000001
2
10110110000000000011010000010001
0
10110100000000000011001000000001
0
10110100000000000010100100000101
3
11110100010000000011010000000000
1
11100000010000000010101000000000
3
10100001010000000010010100001000
4
10100101110000000000010001000011
1
10000101101000001001010000010000
4
10000111100100000011010000000000
1
10010111100010000001010001000001
2
10110110100010000001010000010001
4
00110100100010000001001000000001
3
00011100100010000000100100000001
0
10011110000010010001010000000000
2
10110110000010000101001000000000
0
10110100000010000101000100000000
3
11110100000010000100100000000100
0
11110000010010000100010000000000
0
00000000000001000000001000010000
0
00001111000000100000000100000100
2
00101111010000000000000000000000
4
10101101000000001000000000000010
0
10100101001000000010000000000000
3
11100101000100000000000001000010
1
11100001001010000000000000010100
3
10100001010101000000000000000000
4
00100101010010100000000000000000
3
01101101000010001000000000000000
0
01001001000010000010000000000000
3
00001011000001000000000001000000
0
00011111000000100000000000010000
2
00111110000000000000000000000000
0
00111100000000000000000000000001
1
00011100000000000001000000000000
1
00001110000000000001000000000000
2
10001111000000000001000000000010
2
10100111001000000001000000000000
3
11100101000100000001000000000001
1
11100001000010000000100000000001
1
11110001000001000001010000000000
3
10110000000000100000110000000000
0
10110100000000000000101000001001
4
10100100100000000001010100000000
4
00100101100000000000110000000000
1
00111101100000000000110000000000
2
10111100000000010000110000000000
2
10010100000000000100101000000010
0
10010110001000000100010100001000
4
00010110100100000000001010000000
3
00001110100010000000000100100001
2
00101111000010010001000000000110
1
10101101011010000101000000000000
3
11100101001010001100100000000000
2
11000001000110000110010000001100
3
10000011110101000100010001000000
4
00000111110010100000010010010001
3
01001111100010001001010000100000
2
01101011000010010011010000001000
0
00000000000001000000001000010000
0
00001111000000100000000100000100
0
00101111010000000000000000000001
0
00101101000000001001000000000100
0
00111101010000000010100000000000
0
00111100000000001010010000001000
1
00101100100000001010001000000000
2
00001101000000011010000100000000
0
00001111000000001100000001000000
2
00101111000000000010000010010000
0
00101101000000000000000001100000
0
00001101000000000000000000010000
0
00001111000000000000000000000000
2
00101111000000000000000000000000
0
00101101000000000000000000000001
0
10101101000000000001000000000000
1
10110101000000000000100000000000
0
00110100000000000000010000001000
1
00111100100000000000001000000001
4
10111100000000010001000100000100
2
10100100010000000100100000000000
2
10000101000000001100010000000000
4
11000111000000000110010000000100
1
11010011010000000000010011000000
3
10010010010000000000010000110000
1
10000110010000000000001000000010
2
10100111001000001000000100000000
3
11100101000100000010000000000000
0
11100001000010000000000001000000
3
11110001000001000000000000011100
3
10110000110000100000000000000000
4
00110100110000000000000000001000
1
00101100100000001000000000001000
2
00001101000000010010000000001000
0
00001111100000000100000001000000
0
00001111000000010000000010010010
4
00011111001000000100000000100000
4
10011110001000000000000010000000
3
11010110001000000000000000100001
0
11010010000100000001000000000000
0
00000000000001000000001000010000
0
00001111000000100000000100000011
2
00101111001000000001000000000000
4
10101101001000000001000000000001
1
10110101001000000000100000000001
3
11110100000100000001010000001000
4
01110000100010000000101000000000
3
00111000100001000000010100000000
2
00011100000000110000001000000000
0
00011110000000000100000100000000
2
00111110000000000000000010000100
1
00101100010000000000000000101000
0
00101101100000001000000000000010
2
01101101001000010010000000000000
4
11101001001000000100000001000000
2
11000001001000000100000000010001
1
01000011000100000101000000001100
2
01101011110010000001000010000001
1
01111001010001010001000000100001
3
01111000010000100100100000001001
4
11111000110000000101010000000010
2
11010000111000000100101000000000
4
01010010110100000100010100001001
3
00011010110010000001001010001000
1
00001110010010010001000100101000
3
01001111100010001101000000000000
2
01101011000010010011000010000100
3
00101001010001000101000001100000
2
00001101010000100100100000010000
0
00001111000000001100010000000010
4
10001111001000000010010010000000
1
10100111001000000000010001100001
1
10110101000100000001010000010000
4
00110100000010000000110000000000
0
00111100000010000000101000000000
0
00011100000010000000010100000100
1
00001110010010000000001000000000
2
00101111000010001000000100000001
0
00101101000010000011000000000000
2
00001101000010000000100001000000
0
00000000000001000000001000010000
0
00001111000000100000000100000000
2
00101111000000000000000000000001
1
00111101000000000001000000000000
0
00111100000000000000100000000010
4
10111100001000000000010000001000
0
10100100101000000000001000000000
4
10000101100100000000000100000000
4
00000111100010000000000000000010
3
00011111101010000000000000000000
3
01011110001010010000000000001000
1
01001010101010000100000000000000
4
11001011001001010000000010000001
1
11010011001000100101000000101000
2
11110010100100000001000010000000
4
01110000100010000001000000100000
3
00111000100001000000100000000000
2
00011100000000110000010000000000
0
00011110000000000100001000000000
2
00111110000000000000000110000010
4
10111100001000000000000000101000
1
11110100101000000000000000000000
4
11100000100100000000000000000000
4
01100001100010000000000000000000
3
01101001100001000000000000000000
2
01001001000000110000000000000000
3
00001011000000000100000000000001
2
00101111000000000001000010000000
1
00111101000000000001000000100001
0
10111100000000000000100000000001
0
11110100000000000001010000000000
4
01110000000000000000101000000001
3
00111000000000000001010100000000
0
00111100000000000000101000000000
0
00111100000000000000010100000000
0
00111100000000000000001000000000
0
00011100000000000000000100000000
1
00001110000000000000000000000100
4
01001111010000000000000000000010
1
01011011011000000000000000000000
0
00000000000001000000001000010000
0
00001111000000100000000100001010
2
01001111101000000000000000000000
4
11001011001000010000000000000001
1
11010011001000000101000000000000
2
11110010000100000001000010000001
0
10110000000010000001000000101001
4
00110100100010000000100000000001
3
01111100100010000001010000000100
2
01011000010010010000101000000000
3
01001010010001000100010100000000
3
00001011010000100000010010000000
1
00011111010000000000010000100100
3
01011110000000001000010000000110
1
01001010011000000010001000000000
3
00001011011000000010000100000000
4
10001111011000000000000001000000
2
11000111001000001000000000010001
2
11100011000100000011000000000000
1
11110001000010000001000001000000
3
10110000000001000000100000010000
0
00110100000000100000010000000010
1
00101100001000000000001000000000
4
10101101001000000000000100000100
0
10100101011000000000000000000000
3
10000101000100001000000000000110
4
00000111011010000010000000000000
3
01001111001010001000000001000000
4
11001011001010000010000000010000
3
10000011001001000000000001000000
4
00000111000100100000000000010001
2
00101111000010000001000000000000
1
01101101000010000001000000000010
4
11101001001010000000100000001101
1
10100001111001000001010000000000
1
00100101110100100000110000000000
1
00111101100010001000110000000001
2
00011100000010010011110000001000
1
10011110100010000111101000000000
3
11010110100010000011010110000010
0
00000000000001000000001000010000
0
00001111000000100000000100001100
2
00101111110000000000000000000000
4
10101101000000011000000000000100
2
10000101010000000110000000000011
3
00000111001000001101000001001000
2
00101111101000000011000010010000
4
10101101001000010001000001100001
1
10000101001000000100100000010001
1
10010111000100000101010000000100
2
10110110010010000001010010000000
3
11110100000010001001001000100000
0
11100000000010000010100100000100
3
10100001010001000010010000000001
1
10110101010000100001010001000000
0
10110100000000001000110000010000
3
11110100000000000010101000000100
4
01110000010000000010010100001000
1
01111000110000000010001000000000
1
01101000010000010010000100000000
3
00101001010000000110000000000100
2
00111101010000000100000001000100
2
00011100000000001100000000011101
1
00001110110000000111000000000010
2
00101111001000011011000010000000
4
10101101001000001101000001100000
2
10110101001000000110100000010000
3
11110100000100000110010000000000
1
11100000000010000110001000000100
3
10100001010001000110000100001010
2
10000101111000100100000001000000
4
11000111100100001100000000010001
2
11100011100010000011000010000000
4
01100001100001000001000001100100
3
00101001110000100000100000010000
2
00001101010000010000010000001000
0
00001111100000001100010000000001
0
00001111000000010011010010000000
4
10001111000000000101010001101000
0
11000111100000000001010010010000
0
00000000000001000000001000010000
0
00001111000000100000000100000101
0
00001111010000000001000000000000
2
10001111000000001001000000000000
2
10100111000000000011000000000000
4
00100101000000000001000001001000
1
00111101100000000000100000010000
2
00011100000000010000010000001011
0
00001110101000000101001000000000
2
10001111001000010001000110000001
2
10100111001000000101000000100101
1
10110101010100000101000000000001
3
11110100000010001100100000000001
0
11110000000010000111010000000000
2
11010000000001000110101000000100
4
01010010010000100110010100001000
1
01001010110000000010001010000100
3
00001011010000010010000100100100
0
00001111010000000100000001000100
2
00101111000000001000000010011110
0
00101101111000000010000000100000
4
10101101001000011000000001000000
2
10100101001000000110000000010010
3
11100101000100000100000001000110
2
11000001011010000100000000010000
3
10000011010101000100000000001000
4
00000111110010100000000010000000
3
01001111100010001000000000101100
0
01001011010010010010000000001000
3
01011011110001000100000001000000
3
01111010010000110000000010010001
3
00111000010000000101000000100000
2
00111100010000000100100000000000
2
00101100000000001100010000001000
4
00001101100000000110010000000000
1
00011111000000010100010001000100
0
00111110010000010000010010010000
1
00101100000000001100001000100000
2
00001101000000000110000100000000
1
01001111000000000100000001000100
0
00000000000001000000001000010000
0
00001111000000100000000100000110
4
00011111011000000000000000000000
4
00011110001000001000000000001001
1
00001110101000000011000000000000
2
00101111001000010011000000000010
4
10101101001000000101000001000010
1
10110101001000000100100000010110
2
10010100010100000100010000000010
3
10010110001010001100001000000001
3
11010110000110000011000110001000
1
11000010100110000011000000100000
2
11100011100101000011000000000011
1
11110001101010100001000001000001
4
01110000100101000000100000010001
0
01111000100010100001010000001000
2
01011000000001010000101000001000
3
01011010100000100100010100000010
4
11011010001000010000001010000000
3
10010010001000000100000100100001
2
10000110000100000001000010001000
2
10100111100010000001000000100000
4
00100101100010000001000000000000
1
00111101100010000000100000000000
2
00011100000010010000010000000000
3
01011110000010000100001000000010
4
11011010001010000000000110000001
2
11110010001001000001000000100000
0
11110000000100100001000000000000
0
01110000000010000000100000000001
3
00111000000001000001010000000000
0
00111100000000100000101000000000
0
00111100000000000000010100000000
1
10111100000000000000001000001000
0
10110100100000000000000100000000
4
00110100100000000000000000000000
1
00101100100000000000000000000000
4
10101101000000010000000000000000
1
10110101000000000100000000000010
4
00110100001000000100000000001000
0
00000000000001000000001000010000
0
00001111000000100000000100000000
2
00101111000000000000000000000000
0
10101101000000000000000000000001
1
10000101000000000001000000000000
4
00000111000000000001000000001000
2
00101111100000000001000000000000
1
00111101000000010001000000000000
2
00011100000000000100100000000001
4
10011110000000000101010000000010
2
10000110001000000001001010000000
2
10100111000100000001000100101000
4
00100101100010000001000000000001
1
00111101100010000000100000001101
4
10111100010010010001010000001010
3
11110100101010001100101000000000
2
01110000100110000110010100000000
2
01011000100101000110001000000000
1
01011010000010110110000100000000
1
01001010000001010010000010000000
3
01001011000000100110000000100010
4
01101011001000000000000011001000
3
00101001101000000000000000110110
4
10101101011000010000000000000010
2
10000101001000001100000000001110
4
10010111110100000110000000000010
4
00010110101010001010000010000000
1
00001110101010001010000000100010
3
00101111001010011010000000000010
3
00101101001010001100000001000010
3
01101101001010000110000000010011
4
01001001001010000101000001000010
4
00001011001001000101000000010010
4
10001111001000100001000010000011
2
10100111001000000001000000100011
3
11100101000100000001000000000111
1
11110001011010000000100000000001
3
10110000010101000001010000000000
4
10110100010010100000101000000000
1
10100100000010001000010100001001
0
00000000000001000000001000010000
0
00001111000000100000000100000000
2
01001111000000000000000000001000
0
01011011100000000000000000000010
3
00011010001000010000000000000100
4
00111110011000000100000000001000
4
01111100101000001100000000000000
2
01011000001000010110000000000000
4
11011010001000010110000000000101
1
11000010011000010011000010000010
0
11000011010100000111000000100110
2
11100011011010000001000011000100
3
10100001010101000001000000110100
1
10110101010010100000100000000100
3
11110100000010001000010000000100
1
11100000010010000010001000000001
3
01100001010001000011000100000000
1
01111001010000100000100001001001
3
00111000110000000001010000010000
2
10111100010000010000101000001000
2
10010100100000001100010100000000
4
00010110100000000110001000000101
1
01011110110000000011000110000000
1
01001010010000010011000000101001
3
00001011110000000111000000000101
2
00101111010000010001000011000101
4
10101101000000001101000000110101
2
10000101010000000110100000000011
1
10010111001000001101010001000000
2
10110110000100000011010010010000
3
11110100000010000011001000100110
1
11100000011010000010100100000000
3
10100001010101000010010000000000
1
10100101010010100000010001001000
4
00100101100010001000010000010101
2
00001101110010000011010000000000
1
00011111000010011001010001001000
3
10011110100010000111010000010000
0
10010110100010000011001010000000
0
10110110100010000011000100100010
0
00000000000001000000001000010000
0
00001111000000100000000100001000
0
00001111100000000000000000000000
0
00001111000000010000000000000000
0
10001111000000000100000000000000
2
10100111000000000000000010000000
4
10100101000000000000000000100010
0
10100101001000000000000000001100
4
10000101110100000000000000000010
4
00000111101010001000000000000001
3
01001111101010000011000000000000
4
11001011001010010001000001000001
2
11100011001001000101000000010001
1
10100001000100100101000000000001
1
10110101000010000100100000001011
3
11110100101010000101010000000000
2
11010000100110000100101000000001
4
10010010100101000101010100001000
2
10110110100010100001001010001010
4
00110100101010000001000100101000
3
01111100101010000000100000001000
4
11111000001010010000010000001001
0
11110000101001000101001000000000
2
11010000100100100100100100000000
4
01010010100010000100010000000000
0
01011010100001000000001010000000
3
00011010000000110000000100100000
1
00001110000000000100000000000010
4
01001111001000000000000010000000
4
01001011001000000000000000100000
4
11001011001000000000000000001000
2
11100011101000000000000000000110
3
10100001110100000000000000000010
4
10000101111010000000000000000000
3
11000111100110001000000000001010
4
01000011101110000010000000001000
2
01101011101101000000000001001000
4
11101001001010110000000000011000
1
11110001101001000100000000000000
2
11010000100100100100000000000000
0
00000000000001000000001000010000
0
00001111000000100000000100000010
4
01001111001000000000000000000000
4
11001011001000000000000000000000
2
11100011001000000000000000000000
1
11110001000100000000000000000001
0
11110000000010000001000000000000
0
11110000000001000000100000000000
3
10110000000000100000010000001010
1
00110100101000000000001000000000
1
00101100101000000000000100000000
4
10101101001000010000000000000000
2
10000101001000000100000000000000
3
11000111000100000100000000000010
2
11100011001010000000000010000000
1
10100001000101000000000000100001
1
10110101000010100001000000000000
3
10010100000010000000100000000000
3
11010110000010000000010000000000
2
11110010000010000000001000001001
4
11100000100001000001000100000000
4
01100001100000100000100000000100
3
00101001110000000000010000000000
2
00111101010000010000010000000001
4
10111100000000001101010000000100
1
10100100010000000110101000000000
2
10000101000000001110010100000100
0
10000111010000001100010001001000
4
00000111110000000010010010010011
0
00101111101000001001010001100000
1
00101101001000010011010000010000
1
00111101001000000100110001000001
4
00011100001000000101110000010000
4
10011110001000000101101000000000
2
10110110001000000001010110000100
4
00110100010100000001001000100000
3
00011100000010001000100100000001
1
00001110000010000011010000000000
2
01001111000010000011010000000000
4
01001011000010000001010001000000
0
00000000000001000000001000010000
0
00001111000000100000000100000001
2
00101111000000000001000000000000
1
00111101000000000001000000000000
0
01111100000000000000100000001001
0
01111000100000000001010000000010
4
11111000001000010000101000000000
2
11010000001000000100010100000000
4
01010010000100000100001000000001
2
00011010000010000001000110000100
2
10011110010010000001000000100000
2
10110110000010001001000000000100
1
00110100010010000011000000000000
1
00101100000010001010100000000001
2
01101101000010001011010000000010
1
01111001001010001000110001000000
4
01011000001001000010110000010000
4
11011010001000100010101000001001
2
11110010101000000011010100000000
4
01110000100100000011001000000000
0
01011000100010000010100100000000
3
00011010000001010010010000000000
1
00001110000000100110001000000000
2
00101111000000000010000110001000
0
10101101100000000000000001100000
1
10110101100000000000000000010100
4
10010100110000000000000000000000
4
00010110100000001000000000000000
1
00001110100000000010000000001000
0
00001111000000010010000000001001
0
00001111100000000101000001000000
2
00011111000000010001000010010100
2
00111110010000000101000000100000
1
00111100000000001101000000001001
4
00011100100000000110100000000001
4
00001110000000010111010000000100
0
00001111010000010011010010000001
0
00001111000000001101010001100001
2
00101111000000000011010010010001
0
10101101000000000001010001101001
0
00000000000001000000001000010000
0
00001111000000100000000100000010
4
10001111001000000000000000000000
2
10100111001000000000000000000100
4
00100101010100000000000000000000
3
01101101000010001000000000000000
0
01101001000010000010000000000000
0
01111001000001000000000001000000
0
01011000000000100000000000010100
3
01001010010000000000000000000000
3
00001011010000000000000000000000
2
00001111010000000000000000000000
2
01001111000000001000000000000000
2
01101011000000000010000000000000
3
00101001000000000000000001000000
0
00101101000000000000000000010000
0
01101101000000000000000000000000
0
01101001000000000000000000000011
4
11101001001000000001000000000100
1
11110001011000000000100000000001
3
11110000010100000001010000000000
3
11100000010010000000101000000100
3
10100001010001000000010100000100
4
00100101010000100000010000000100
2
00001101000000001000010000000101
0
00001111010000000011010000000010
4
01001111001000001001010001000000
4
11001011001000000011010000010000
1
11010011001000000001010001000011
2
11110010000100000001010000010011
0
01110000001010000001001000000001
3
00111000001001000000100100000001
4
10111100001000100001010000001000
0
10100100101000000000101000000001
2
10000101100100000001010100000100
4
11000111110010000001010000000000
4
11010011110010000001010000000000
2
11110010110001000001010000000000
1
11100000110000100001001000000001
0
11100001110000000000100100000001
0
00000000000001000000001000010000
0
00001111000000100000000100000010
4
10001111001000000000000000000000
2
10100111001000000000000000000001
3
11100101000100000001000000000000
1
11110001000010000000100000000000
3
10110000000001000000010000000000
0
10010100000000100000001000000000
0
10010110000000000000000100000000
2
00010110000000000000000000001000
0
00011110100000000000000000000100
1
00001110010000010000000000000000
0
01001111000000001100000000000001
2
01101011000000000011000010000010
4
11101001001000000001000001100000
1
11110001001000000000100000010000
0
11110000000100000000010000000000
1
11100000000010000000001000000000
0
11100001000001000000000100000000
3
10100001000000100000000000001000
4
00100101100000000000000000000000
0
00111101100000000000000000000100
2
01111100010000010000000000000000
2
01011000010000000100000000000000
3
01001010010000000100000000000000
3
11001011010000000000000010000100
3
11000011010000000000000000100100
3
01000011010000000000000000000100
3
00001011010000000000000000000100
2
00011111010000000000000000000100
3
01011110000000001000000000000100
1
01001010010000000010000000000000
3
01001011010000000010000000001000
3
00001011110000000000000001000101
2
00101111010000010001000000011100
4
00101101100000001101000000000100
2
00001101010000010110100000000000
4
00001111000000011100010001000000
2
10001111000000010010010010011000
3
11000111100000000100010001100000
0
00000000000001000000001000010000
0
00001111000000100000000100000001
2
00101111000000000001000000001100
0
00101101110000000001000000000000
2
00001101000000011000100000000000
0
00001111000000000110010000001011
1
01001111101000000001010011000000
4
11001011001000010001010000111001
1
11010011101000000101010000000011
2
11110010100100000001010010000011
0
01110000101010000001001000100001
3
01011000101001000000100100000001
4
11011010001000110001010000000000
0
11010010001000000101001000000000
2
11110010000100000001000110000001
4
11100000000010000001000000100001
2
11000001000001000000100000000001
1
11010011000000100001010000001000
2
11110010100000000001010000000000
4
01110000100000000001001000000000
3
00111000100000000000100100000100
2
00101100010000010000010000000010
4
10101101001000001100010000001100
2
10000101111000000110010000000000
4
10000111100100001100010001000000
4
00000111100010000010010010010000
1
00101111100010000000010001100101
1
00111101010010010001010000010000
2
00011100000010001100110000000000
3
01011110000010000110101000000100
1
01001010010010000010010110001000
3
11001011110001000010010000100000
3
11100011110000100000010001000100
3
11110001110000000000010000010111
3
10110000111000000001010000000100
4
00110100110100000000101000000100
1
00101100100010001000010100000100
2
00101101010010010010010000001010
4
10101101101010001100010001000000
1
11100101101010000110010000011001
0
00000000000001000000001000010000
0
00001111000000100000000100000000
2
10001111000000000000000000000000
2
10100111000000000000000000001000
4
00100101100000000000000000000000
1
00111101100000000000000000000000
2
00011100000000010000000000000000
1
10011110000000000100000000000000
2
10000110000000000000000010000001
2
10100111000000000001000000100000
4
00100101000000000001000000000010
1
00001101001000000000100000000000
1
10001111001000000000010000000000
1
10010111001000000000010000000000
3
10010110000100000000010000000001
2
11010110000010000001001000001000
2
11110010100010000001000100000000
4
01110000100001000001000000001000
3
00111000100000100000100000001000
2
00011100000000010000010000001000
1
10011110100000000100001000000100
1
10000110110000000000000110001000
4
00000111100000001000000000101000
0
00001111100000000010000000001001
0
00001111000000010001000001001000
1
00101111100000000101000000010000
4
01101101000000010101000000000000
2
01101001000000010100100000000000
2
01001001000000010100010000001000
3
00001011100000010100010000000000
0
00001111100000010000010010000000
1
00011111100000000100010000100000
0
00111110000000010000010010000010
4
10111100001000000100001000100000
2
10110100001000000100000100001100
2
10010100110100000100000000000000
4
11010110100010001100000000000000
4
01010010100010000010000010000001
3
00011010100001000011000000100000
0
10011110000000110011000000000000
0
00000000000001000000001000010000
0
00001111000000100000000100000010
4
10001111001000000000000000001000
2
10000111101000000000000000000000
4
11000111100100000000000000000001
2
11100011100010000001000000001000
4
01100001100001000001000000001010
1
01111001101000100000100000001000
2
01011000001000010000010000001101
3
00011010111000000101001000000010
4
10011110011000010001000110000010
1
10000110001000001101000000100010
3
11000111000100000011000010000010
2
11100011001010000001000001100000
1
11110001000101000001000000010010
0
11110000001010100000100000000000
4
01110000000101000000010000000000
1
01101000000010100000001000000000
3
00101001000001000000000100000000
1
00111101000000100000000000000000
0
10111100000000000000000000000000
0
10110100000000000000000000000000
0
10010100000000000000000000000000
4
00010110000000000000000000000010
2
00111110001000000000000000000000
4
00000000000001000000001000010000
0
00001111000000100000000100000010
4
10001111001000000000000000000100
2
10100111011000000000000000001001
4
00000000000001000000001000010000
0
00001111000000100000000100000000
2
00101111000000000000000000000000
0
00101101000000000000000000000100
0
00101101010000000000000000000000
0
00101101000000001000000000000000
0
00101101000000000010000000000001
1
00111101000000000001000001000000
0
00111100000000000000100000010000
0
00111100000000000000010000000110
4
10111100011000000000001000000000
1
10100100001000001000000100000000
3
11100101000100000010000000000000
4
01100001000010000000000001001000
3
00101001100001000000000000010101
4
10101101010000110001000000000000
2
10110101000000001100100000001000
2
10010100100000000110010000000100
1
10000110110000000110001000000000
4
00000111100000001010000110000010
2
00101111101000001000000001101000
4
10101101001000010010000000011000
2
10000101101000000100000001000000
4
00000111100100000100000000011100
0
00001111110010000000000010001000
0
00001111000010011000000000101000
3
01001111100010000110000000000000
4
11001011000010010000000011000000
3
10000011000001000100000000110001
2
10100111000000100001000010000000
1
11100101000000000001000000100100
1
11110001010000000000100000000000
3
10110000010000000000010000000001
4
00110100010000000001001000000000
3
01111100000000001000100100000010
4
11111000001000000010010000000100
1
11100000011000000010001000001000
3
10100001110100000010000100000000
2
10000101110010000000000001000010
3
11000111101010001000000000010000
0
00000000000001000000001000010000
0
00001111000000100000000100001000
2
00101111100000000000000000000000
4
10101101000000010000000000001100
2
10000101110000000100000000000000
4
00000111100000001100000000000101
2
00101111110000000011000010000000
4
10101101000000011001000001100100
2
10110101010000000110100000011000
2
10010100100000001110010000000000
1
10000110100000001110001000000010
2
10100111101000001010000110000000
4
00100101100100001000000001100000
3
01101101100010000010000000011000
2
01001001000010010000000001001110
3
00001011111001000100000000010000
4
10001111011000110000000010000000
0
10000111001000001100000000100000
3
11000111000100000010000010001100
4
01000011110010000000000001100010
3
00001011111001000000000000010000
4
10001111011000110000000000000110
0
10000111001000001100000000001110
4
00000111110100000010000010000010
3
00011111101010001000000001100000
3
01011110001010010010000000010010
4
11011010001010000110000000000010
1
11000010001001000010000010000011
2
11100011000100100011000000100010
1
11110001001010000001000001000000
0
11110000000101000000100000010000
4
01110000000010100000010000000000
3
01111000000001000000001000000000
3
00111000000000100000000100000101
0
00111100010000000001000000000000
3
00101100000000001000100000000010
4
10101101001000000010010000000000
1
10100101001000000000010001001100
1
10110101110100000000010000010010
0
10110100101010001000010000000000
0
00000000000001000000001000010000
0
00001111000000100000000100000000
2
00101111000000000000000000000000
1
10101101000000000000000000000000
0
10100101000000000000000000001000
4
00100101100000000000000000000001
1
00111101100000000001000000000000
2
00011100000000010000100000000000
4
10011110000000000100010000000000
0
11010110000000000000001010000100
2
01010010010000000000000100100000
3
00011010010000000000000000000010
4
00011110011000000000000000000000
1
00001110001000001000000000000000
4
00001111001000000010000000000000
4
10001111001000000000000001000000
2
10100111001000000000000000011001
4
00100101100100000001000000000000
1
00111101100010000000100000000000
2
00011100000010010000010000000000
3
00011110000010000100001000000010
3
01011110001010000000000110000000
4
11011010001010000000000000100000
0
11010010001001000000000000000100
3
10010010010100100000000000000001
2
10110110010010000001000000000000
3
11110100000010001001000000000000
0
11110000000010000010100000000000
4
01110000000001000010010000000000
1
01101000000000100010001000000100
3
00101001010000000010000100000000
0
00101101010000000000000001000000
0
00101101000000001000000000010000
0
00101101000000000010000000000000
0
00101101000000000000000001000100
0
00101101010000000000000000010001
0
00101101000000001001000000000000
1
00111101000000000010100000000000
4
01111100000000000010010000001000
4
11111000100000000010001000000000
0
00000000000001000000001000010000
0
00001111000000100000000100000001
2
10001111000000000001000000000000
2
10100111000000000001000000000000
1
10110101000000000001000000000000
4
00110100000000000000100000000100
0
00111100010000000000010000000000
1
00101100000000001000001000000000
0
00101101000000000010000100000000
1
00111101000000000000000001000001
0
00111100000000000001000000010010
4
10111100001000000000100000000000
0
10110100001000000000010000000000
3
11110100000100000000001000000000
0
11110000000010000000000100000000
0
11110000000001000000000000000010
3
10110000001000100000000000000001
4
00110100000100000001000000000000
3
01111100000010000000100000000000
0
01111000000010000000010000000001
0
11111000000001000001001000000000
3
10110000000000100000100100001001
4
00110100100000000001010000000000
0
00011100100000000000101000000000
0
00011110000000010000010100000001
2
00001110000000000101001000001000
2
00101111100000000001000110000001
1
00111101000000010001000000100001
4
10111100000000000100100000000001
0
10110100000000000101010000000000
2
10010100000000000100101000000000
4
00010110000000000100010100000000
2
00011110000000000000001010000000
2
00111110000000000000000100100010
4
10111100001000000000000000001000
0
10110100101000000000000000000000
4
10100100100100000000000000000000
4
00100101100010000000000000000000
2
00111101100010000000000000000000
4
10111100000010010000000000000000
0
00000000000001000000001000010000
0
00001111000000100000000100000000
2
00101111000000000000000000000000
1
10101101000000000000000000001000
0
10000101100000000000000000000000
4
00000111100000000000000000000000
0
00001111100000000000000000000010
4
10001111001000010000000000000000
1
10010111001000000100000000000000
3
11010110000100000000000010000000
2
11110010000010000000000000100000
3
10110000000001000000000000000000
1
10100100000000100000000000000000
0
10100101000000000000000000000000
0
10100101000000000000000000000010
1
10110101001000000000000000000000
3
11110100000100000000000000000000
0
11110000000010000000000000001000
4
01110000100001000000000000000000
3
01101000100000100000000000000100
3
00101001010000010000000000000001
4
10101101010000000101000000000000
2
10110101000000001100100000000000
2
10010100000000000110010000000100
1
10000110010000000110001000000000
2
10100111000000001010000110000000
0
10100101000000001000000001100000
0
00100101000000000010000000010100
0
00101101010000000000000001000000
0
00101101000000001000000000010100
0
10101101010000000010000000000000
0
10100101000000001000000001001000
4
00100101100000000010000000010000
0
00101101100000000000000001000000
2
00001101000000010000000000010000
0
00001111000000000100000000000100
2
00101111010000000000000010000000
0
00101101000000001000000000100010
4
00001101001000000010000000000001
3
01001111001000000001000001000000
0
00000000000001000000001000010000
0
00001111000000100000000100000000
2
00101111000000000000000000000110
4
10101101011000000000000000000000
0
10110101001000001000000000000000
3
11110100000100000010000000001010
1
11100000101010000010000000000001
4
01100001100101000011000000000000
1
01111001100010100000100001001001
4
11111000000001010001010000011000
2
11010000100000100100101000000000
4
01010010100000000100010100000000
3
00011010100000000000001010000001
2
00111110000000010001000100100000
4
10111100000000000101000000000000
2
10010100000000000100100000000001
4
00010110000000000101010000000100
2
00111110010000000001001010000000
1
00101100000000001001000100100010
4
10101101001000000010100000000000
1
10000101001000000000010001000000
1
10010111000100000000010000010001
2
10110110000010000001010000001000
4
00110100100010000001001000000000
3
01111100100010000000100100000000
2
01011000000010010000010000001110
3
00011010111001000100001000000000
4
10011110011000110000000110000000
1
10000110001000001100000000100000
3
11000111000100000010000010000001
2
11100011000010000001000001100000
3
10100001000001000001000000010010
1
10110101001000100000100000000000
4
00110100000100000000010000000000
0
00101100000010000000001000001010
3
01101101101010000000000100000000
4
11101001001010010000000000000000
3
10100001001001000100000000001100
0
10100101110100100100000000000000
1
10110101100010001100000000000000
0
00000000000001000000001000010000
0
00001111000000100000000100001001
2
00101111100000000001000000000000
1
00111101000000010001000000000000
2
00011100000000000100100000000001
0
00011110000000000101010000000000
2
00111110000000000001001010000000
0
00111100000000000001000100100100
0
00111100010000000000100000000001
0
00111100000000001001010000000000
3
01111100000000000010101000000000
0
01111000000000000010010100001001
1
01101000100000000011001000000010
4
11101001001000010010100100000000
2
11110001001000000100010001000001
0
11110000000100000101010000010000
2
11010000000010000100101000000000
3
10010010000001000100010100000000
2
10110110000000100000001010000000
4
00110100000000000000000100100001
0
00111100000000000001000000000000
0
00111100000000000000100000000000
0
00111100000000000000010000000000
1
00101100000000000000001000000000
0
00101101000000000000000100000000
0
00101101000000000000000000000000
0
00101101000000000000000000000101
4
10101101010000000001000000001000
2
10000101100000001000100000000001
4
00000111100000000011010000000000
1
00001111100000000001010001000000
1
00011111000000010001010000010000
2
00111110000000000101010000001000
4
10111100100000000101001000000001
2
10010100100000000100100100000011
4
00010110101000000101010000000000
2
00111110101000000001001010000010
4
10111100001000010001000100100010
1
10100100001000000100100000000010
0
10000101000100000100010000000010
0
00000000000001000000001000010000
0
00001111000000100000000100000011
4
10001111001000000001000000000000
2
10100111001000000001000000000000
3
11100101000100000001000000000100
1
11110001010010000000100000000000
3
10110000010001000000010000000000
4
00110100010000100000001000000010
1
00101100001000001000000100000000
4
10101101001000000010000000000100
0
10100101011000000000000001000000
3
11100101000100001000000000010010
0
11100001001010000010000000000101
1
11110001010101000001000001000000
0
11110000010010100000100000010001
3
11100000010001000001010000000000
3
11100001010000100000110000000101
1
11110001010000000001110000000100
3
10110000010000000001110000000101
0
10100100010000000001101000000101
2
10000101000000001001010100000101
4
00000111010000000011010000000001
1
00011111000000001001010001000001
2
00111110000000000011010000010011
4
10111100001000000011001000000001
3
11110100001000000010100100000101
4
01110000010100000011010000000000
1
01101000010010000010101000000001
2
01001001010001000011010100000000
1
01011011010000100001010001000101
2
01111010010000000001010000010101
3
00111000010000000001001000000101
0
00111100010000000000100100000101
3
01111100000000001001010000001100
1
01111000110000000010101000000001
4
11111000010000010011010100000000
1
11100000010000000110101000000000
3
10100001010000000110010100000100
4
00100101010000000100010001001100
3
01101101100000001100010000010101
0
00000000000001000000001000010000
0
00001111000000100000000100000000
2
00101111000000000000000000000000
1
00111101000000000000000000000000
0
00111100000000000000000000000000
0
00111100000000000000000000000000
0
00111100000000000000000000000000
1
00101100000000000000000000000000
0
00101101000000000000000000000001
1
00111101000000000001000000000000
0
10111100000000000000100000000000
0
10110100000000000000010000001000
4
00110100100000000000001000000000
1
00101100100000000000000100001000
2
00001101000000010000000000001000
0
00001111100000000100000000000110
4
10001111011000010000000010000000
0
10000111001000001100000000100000
3
11000111000100000010000010001000
4
01000011100010000000000001100000
3
00001011100001000000000000010001
2
00101111000000110001000000000000
4
10101101000000000101000000001000
2
10000101100000000100100000000000
4
00000111100000000100010000000001
1
01001111100000000001010010000100
1
01001011010000010001010000100000
1
01011011010000000101010000000000
2
01111010010000000001010010000000
3
00111000010000000001001000100000
0
00101100010000000000100100000001
2
00001101000000001001010000000010
4
10001111001000000011010000001000
1
10010111101000000001010001000000
2
11010110100100000001010000010000
2
11110010100010000001001000001100
4
11110000110001000001000100001001
4
01110000110000100000100000001001
0
01111000110000000001010000001100
0
01111000010000010000101000001100
0
00000000000001000000001000010000
0
00001111000000100000000100000010
4
10001111001000000000000000001000
2
10100111101000000000000000000000
4
10110101100100000000000000000100
4
10110100110010000000000000000001
4
00110100100010001001000000000000
3
01111100100010000010100000000000
2
01011000000010010010010000001000
1
01001010100001000110001000000001
3
00001011000000110011000110000000
0
00001111000000000101000001100000
2
00101111000000000001000010010100
1
00111101010000000001000000100000
0
00111100000000001000100000001010
1
00101100101000000010010000000000
4
10101101001000010010010000000001
1
10110101001000000101010001000000
3
11110100000100000100110000010101
0
11110000010010000101101000000000
3
11100000010001000101010100000000
2
11000001010000100100110000001100
1
11010011110000000100110000000100
4
01010010110000000000110010000100
3
00011010110000000000101000100100
0
00011110010000010000010100000110
1
00001110001000001100001000000100
4
10001111011000000010000110000000
2
10100111001000001000000001100000
4
00100101000100000010000000010010
3
01101101001010000000000001001001
1
01111001101010000001000000010100
3
00111000011001010000100000000000
4
10111100011000100100010000000000
1
10010100001000001100001000001100
1
10000110110100000110000100000010
4
00000111101010001010000010000000
2
00101111101010001000000001100000
0
00101101001010010010000000010110
4
10101101011010000100000001000010
0
00000000000001000000001000010000
0
00001111000000100000000100000110
4
10001111011000000000000000001000
2
10100111101000001000000000000000
4
00100101100100000010000000000101
1
00111101110010000001000001000000
3
01111100000010011000100000010000
2
01011000000010000110010000001000
1
01001010100001000110001000000000
3
00001011000000110010000110000000
1
00011111000000000100000001100100
2
10011110010000000000000010010000
1
10000110000000001000000000101001
2
10100111100000000011000000000000
4
00100101100000000001000001000000
1
00111101100000000000100000010000
2
00011100000000010000010000000000
0
00011110000000000100001000000000
2
00111110000000000000000110000011
4
10111100001000000001000000100000
0
10110100001000000000100000000000
4
00110100000100000000010000000100
1
00101100010010000000001000000000
3
01101101000010001000000100000000
0
01101001000010000010000000000100
3
00101001010001000000000001000000
0
00101101010000100000000000010000
0
00101101000000001000000000001001
0
10101101100000000011000000000100
1
10110101110000000000100001000000
4
00110100100000001000010000010000
1
00101100100000000010001000000101
4
10101101010000010011000100000010
2
10000101001000001100100001000000
4
00000111000100000110010000011100
1
00011111110010000000010011000010
3
01011110001010011000010000110000
4
01011010001010000110001000000000
3
00011010001001000010000110000000
4
10011110001000100010000000100001
0
00000000000001000000001000010000
0
00001111000000100000000100000010
4
10001111001000000000000000000100
2
10100111011000000000000000000000
4
00100101000100001000000000000100
0
00111101010010000010000000000000
3
01111100000010001010000000000000
1
01101000000010001010000000000000
0
01101001000001001010000000000000
0
01101001000000101000000001000000
3
00101001000000000010000000010000
1
00111101000000000000000001000000
0
00111100000000000000000000010100
0
00111100010000000000000000000010
1
00101100001000001000000000000000
4
01101101001000000010000000000010
4
11101001001000000000000001000110
3
10100001011000000000000000010010
4
00100101010100000000000000000111
3
01101101001010001001000000000100
4
11101001011010000010100000000000
1
11110001011001000000010001000110
3
10110000010100100000010000010110
4
00110100011010000000001000000100
1
00101100001010001000000100000100
0
01101101011010000010000000000010
4
11101001011010000000000001000010
3
10100001011001000000000000010010
4
00100101010100100000000000000110
3
01101101001010001000000000000100
4
11101001011010000010000000000000
3
10100001011001000000000001000000
4
00100101010100100000000000010000
0
00101101000010001000000000000000
0
00101101000010000010000000001110
1
00111101111010000000000001000000
3
01111100001010011000000000010000
4
11111000001010000110000000000000
1
11100000001001000110000000000000
4
01100001000100100110000000000010
0
00000000000001000000001000010000
0
00001111000000100000000100000000
2
00101111000000000000000000000000
0
00101101000000000000000000000100
0
00101101010000000000000000000000
0
00101101000000001000000000000000
0
00101101000000000010000000000010
4
10101101001000000000000001000000
0
10100101001000000000000000010000
3
11100101000100000000000000000000
0
11100001000010000000000000000000
3
10100001000001000000000000001001
4
00100101100000100001000000000000
1
00111101100000000000100000000000
2
00011100000000010000010000000000
1
01011110000000000100001000000111
2
01111010011000000001000110001000
3
00111000111000000001000000100000
4
10111100011000010000100000000000
3
11110100001000001100010000000101
1
11100000010100000111001000001000
2
11000001110010000110100100000000
4
01000011110001000100010001000010
3
00001011111000100000010010010000
4
10001111011000010000010000100000
0
10000111001000001100010000000000
4
00000111000100000010010010000000
1
00011111000010000000010001100000
2
00111110000010000000010000010010
3
01111100001010000000001000000000
4
11111000001010000000000100000110
3
10110000011001000000000000000010
4
00110100010100100000000000000110
1
00101100001010001000000000000100
0
00101101011010000010000000000001
3
10101101001010001001000001000000
3
11100101001010000010100000010110
1
11110001010110000000010001000011
4
01110000011101000001010000011000
0
00111000111010100000101000000100
0
00000000000001000000001000010000
0
00001111000000100000000100000100
0
00101111010000000000000000000001
0
00101101000000001001000000000000
2
00001101000000000010100000000001
1
00011111000000000001010001000100
2
00111110010000000001010000011000
1
00101100100000001001001000000000
2
10101101000000010010100100000000
1
10110101000000000100010001000000
2
10010100000000000100010000010001
0
10010110000000000101001000000010
2
10110110001000000001000110001000
4
00110100100100000001000000100000
3
01111100100010000000100000000000
2
01011000000010010000010000001010
1
01001010101001000100001000000000
4
11001011001000110000000110000000
0
11000011001000000100000000100000
2
11100011000100000000000010001001
1
11110001100010000001000000100000
4
01110000100001000000100000000000
3
00111000100000100000010000000000
2
00011100000000010000001000000000
1
00001110000000000100000100000000
2
10001111000000000000000010000000
2
10100111000000000000000000100010
1
10110101001000000000000000000000
4
00110100000100000000000000000010
3
01111100001010000000000000000100
4
11111000011010000000000000000000
3
10110000011001000000000000001000
4
00110100110100100000000000000000
1
00101100100010001000000000000000
2
00001101000010010010000000000001
1
00011111000010000101000001000100
2
10011110010010000001000010010000
2
10110110000010001001000000101010
4
00110100101010000011000000000000
1
00101100101010000010100000000100
0
00000000000001000000001000010000
0
00001111000000100000000100000001
2
00101111000000000001000000001000
1
00111101100000000001000000000001
0
00111100000000010000100000001001
4
10111100100000000101010000000000
2
10010100100000000100101000000010
3
11010110101000000100010100000001
2
11110010100100000001001010000110
0
11110000111010000001000100100000
3
10110000110101000000100000001000
4
00110100110010100000010000001000
1
00101100100010001000001000001000
2
00001101000010010010000100001000
3
01001111100010000100000001000000
1
01011011000010010000000010010010
4
01011010001001000100000000100001
2
01111010001000100001000010000000
4
11111000001000000001000000100000
3
10110000001000000000100000000000
4
00110100000100000000010000000101
0
00101100010010000001001000001000
2
00001101100010001000100100000001
3
01001111000010010011010000000010
1
01011011001010000101010001000000
2
01111010001001000001010010011000
3
00111000101000100001001000100000
4
10111100001000010000100100000000
2
10010100001000000100010000000001
3
11010110000100000101001000000000
2
11110010000010000001000110000000
3
10110000000001000001000000100010
0
10110100001000100000100000000000
4
00110100000100000000010000000000
0
00101100000010000000001000000000
0
00101101000010000000000100000000
0
00101101000010000000000000000100
1
00111101010010000000000000000000
4
10111100000010001000000000000001
3
11110100000010000011000000000000
0
00000000000001000000001000010000
0
00001111000000100000000100000000
0
00001111000000000000000000000100
2
00101111010000000000000000001000
0
00101101100000001000000000000000
2
00001101000000010010000000000101
0
00001111010000000101000001000000
2
00101111000000001001000010010000
0
10101101000000000011000000101101
1
10110101110000000000100001000011
3
11110100101000001001010000011000
4
01110000100100000010101000001000
2
01011000100010000010010100001000
1
01001010000001010010001000001100
3
00001011110000100110000100000000
0
00001111010000010000000011000000
0
10001111000000001100000000111001
2
10100111100000000011000010000000
4
00100101100000000001000001100100
1
00111101110000000000100000010000
2
00011100000000011000010000000000
1
00001110000000000110001000000000
2
00101111000000000010000110000000
1
00111101000000000000000001100000
0
00111100000000000000000000011000
0
00111100100000000000000000000000
2
00011100000000010000000000000100
1
00001110010000000100000000000000
2
00101111000000001000000010001000
0
00101101100000000010000000100000
2
00001101000000010000000001000000
0
00001111000000000100000000010100
2
00101111010000000000000010000001
3
01101101000000001001000000100100
2
01001001010000000010100000000001
3
00001011010000000001010001000000
1
00011111010000000001010000010000
2
01011110000000001001010000000000
1
01001010000000000011001000000000
4
11001011000000000011000100000001
0
00000000000001000000001000010000
0
00001111000000100000000100000000
2
00101111000000000000000000000001
1
00111101000000000001000000000000
0
00111100000000000000100000000000
0
00111100000000000000010000000000
0
00111100000000000000001000001000
1
00101100100000000000000100000001
4
10101101000000010001000000000000
1
10110101000000000100100000000010
2
10010100001000000100010000000000
3
11010110000100000100001000001000
4
01010010100010000000000110000000
3
00011010100001000000000000101000
0
00111110000000110000000000001000
4
10111100100000000100000000000101
1
10100100110000000101000000000000
2
10000101100000001100100000001000
4
00000111100000000110010000001000
1
00011111100000000000010011001001
0
00011110000000010001010000111000
0
00011110100000000101001000000000
2
00111110000000010001000110000001
0
00111100000000000101000000100101
4
10111100010000000100100000000001
3
11110100000000001101010000000010
2
11010000001000000110101000000001
4
01010010000100000111010100000000
2
01111010000010000011001010001000
1
01101000100001000011000100100000
2
01001001000000110010100000000000
1
01011011000000000100010001000100
3
00011010010000000000010010010001
2
00001110010000000001001000100000
2
00101111000000001001000100000100
0
00101101010000000011000000000000
1
10101101000000001000100001001001
2
11100101100000000011010000010000
4
01100001100000000000110001001000
0
01101001100000000000110000011000
0
00000000000001000000001000010000
0
00001111000000100000000100000000
2
00101111000000000000000000001000
1
00111101100000000000000000000111
4
10111100011000010001000000000000
3
11110100001000001100100000000000
2
11010000000100000110010000000000
1
11000010000010000110001000000000
3
10000011000001000010000110000000
2
10100111000000100000000001100010
1
10110101001000000000000000011000
4
00110100100100000000000000000000
3
01111100100010000000000000000000
2
01011000000010010000000000000000
3
00011010000001000100000000000000
1
00011110000000100000000010000101
2
00111110010000000001000000100000
1
00101100000000001001000000000000
2
01101101000000000010100000000100
1
01111001010000000000010001000000
3
00111000010000000000010000010000
0
00111100010000000000001000000000
1
10111100000000001000000100001000
1
10100100100000000010000000000100
4
00100101110000000010000000001000
0
00101101100000001000000001001000
2
00001101000000010010000000011000
1
00011111100000000100000001000001
2
00111110000000010001000010010100
4
10111100010000000101000000100000
1
10100100000000001100100000001000
2
10000101100000000110010000000000
4
10010111100000000100010001000000
4
00010110100000000000010010010000
0
00011110100000000000001000101000
0
00011110000000010000000100001111
1
00001110111000000101000000000000
2
00101111001000011001000010000000
4
10101101001000000111000000100011
0
10100101001000000100100001000011
0
00000000000001000000001000010000
0
00001111000000100000000100000001
2
00101111000000000001000000000000
4
10101101000000000001000000000000
1
10110101000000000000100000001110
0
11110100111000000000010000000000
4
01110000110100000000001000001000
2
01011000110010000000000100001000
3
00011010010001010000000000001100
1
00001110110000100100000000000100
0
00001111000000011000000010000100
0
00001111010000000110000000100000
2
00101111000000001000000011000000
0
00101101000000000010000000110000
1
00111101000000000000000001001001
0
00111100100000000001000000010010
4
10111100001000010000100000000000
2
10010100001000000100010000000000
3
11010110000100000100001000000010
2
11110010001010000000000110000000
0
11110000000101000000000000100000
0
11110000000010100000000000000000
0
11110000000001000000000000000000
1
11100000000000100000000000000000
3
10100001000000000000000000000001
1
10000101000000000001000000000000
4
00000111000000000001000000000000
2
00101111000000000001000000000000
1
00111101000000000001000000001000
0
10111100100000000000100000000100
0
10110100110000000000010000000010
1
10100100101000001000001000000000
4
00100101100100000010000100000000
0
00101101100010000000000001001000
2
00001101000010010000000000011000
0
00001111100010000100000000000001
2
00101111000010010001000010000000
1
00111101000010000101000000100000
0
01111100000010000100100000000000
0
01111000000010000100010000000101
0
00000000000001000000001000010000
0
00001111000000100000000100000000
2
00101111000000000000000000000000
0
10101101000000000000000000000000
0
10100101000000000000000000000000
4
00100101000000000000000000000000
0
