-16995
-13095
-6885
-22585
-11860
-16090
-14275
-13720
-20935
-11185
-26105
-10090
-15540
-21005
-16365
-18245
-11495
-16060
-8235
-6695
-9490
-23790
-8860
-7245
-16765
-16585
-6700
-8495
-16855
-14485
-10945
-10990
-17765
-21970
-10170
-17800
-18690
-15715
-13665
-29345
-4290
-10470
-14385
-7420
-17915
-8800
-11525
-28085
-9315
-28390
-12480
-4215
-5175
-6830
-17765
-29925
-14660
-12835
-19280
-19275
-9625
-26015
-21980
-24485
-15320
-15920
-13185
-6665
-19070
-16790
-9410
-19335
-15105
-11740
-5050
-16845
-12310
-28960
-5255
-11930
-25865
-24490
-9435
-18220
-12970
-15315
-16460
-11605
-14635
-13175
-16005
-21225
-15530
-8600
-11105
-6700
-18180
-15440
-14355
-10715
