1001100010000000
2
1001110011100000
1
1001111111100000
7
0001101101000000
8
0001101100100000
7
0101001100000100
6
0001101100000000
3
0001101100000000
3
0011101101000100
8
0011101100000100
6
0011101100000000
4
1111101100000000
2
1111111100000000
3
0111111100000000
4
1111111100000000
2
1111111100000000
0
1111111100000000
0
1110111100000000
3
1011111100000000
8
1011101100000000
2
1011111101000000
8
1011111100000000
8
1111111100000000
0
1111011100000000
6
1111111100000000
0
1111111100000000
0
1111111100000000
0
1001100010000000
2
0011110010100000
8
0001110000100000
7
0001110000100000
7
1001110000000000
3
1011110000000000
1
1011110100000000
1
1011111100000000
4
1111111100000000
0
1111111100000000
3
1111111100000000
0
1111111100000000
0
1111111100000000
0
1101111100000000
3
1111110100000000
1
1111111100000000
0
1111111100000000
0
1111110100000000
1
1101111100000010
3
1111110100100000
1
1011111100100000
4
1101111100100000
7
1101111100000000
3
1011111100000000
4
1111111100000000
0
1111111100000000
0
1111111100000000
0
1111111100000000
0
1111111100000000
0
1111111100000000
0
1011111100000000
8
1011111100000000
8
1011111100000000
8
1011111100000000
8
1011011100000000
8
1011011100000000
8
1011111100000000
8
1011111100000000
8
1001111100000000
7
1001111100000000
0
1001100010000000
2
0001110010000000
8
0011110000100000
8
0001110000100000
7
0001010000000000
3
0001011000000000
3
1111011000100000
6
1111011000100000
6
1101011000100001
7
1101111000001001
5
1101011000001000
6
1101011000000000
2
1101111000000000
3
1111111000000000
1
1111111100000000
0
1111111100000000
0
1110111100000000
3
1111111100000000
0
1111111100000000
0
1111111100000000
0
1111111100000000
0
1111111100000000
0
0111111100000000
4
1111101110000000
2
1111111100000000
0
1111111100000000
0
1111111100000000
0
1110111100000000
3
1111101100000000
6
1110101100000000
2
0110111100000000
3
0111111100000000
8
0111111100000000
8
0111111100000000
8
0111111100000000
8
0111111100000000
8
0111110100000000
8
0111110100000000
8
1111110100000000
5
1111110100000000
0
1001100010000000
2
0101110001100000
1
0001111101100000
8
0001111100100000
7
0001111100000000
3
0001111100000000
3
0001111100000000
3
0001111100000000
4
1101111100000000
3
1111111100100000
2
1101111100000000
3
1111111100000000
3
1111111100000000
0
1111111100000000
2
1011110100000000
4
1111110000000000
1
1111111000000010
5
1111110000000000
1
1111111100000000
0
1111101100000000
6
1111100100000000
1
1111111100000000
0
1111111100000000
0
1011111100000000
4
1101111100000000
3
1111111100000000
0
1111111100000000
0
1111111100000000
0
1111111100000000
0
1111111100000000
0
1111111100000000
0
1011111100000000
8
1011111100000000
8
1011111100000000
8
1011111100000000
8
1011111100000000
8
0011111100000000
8
0011111100000000
8
0011111100000000
8
0011111100000000
0
1001100010000000
2
0001100001000000
2
1001110011100000
1
0001111101100000
8
0000111101100000
8
0001101100110000
4
1101101111100000
7
0001101100000100
6
0001101100000000
3
0001001100000000
3
1011000100000000
2
1011111100000000
4
1011010100000000
1
1011011100000000
4
1011011100000000
2
1011111100000000
4
1111111100000000
0
1111111100000000
0
1111111100000000
0
1111111100000000
4
1101111100000000
3
1111111100000000
0
1111111100000000
0
1010011100000000
3
1111010101000000
2
1011110101001000
8
0011010100001010
6
0111010101000010
5
0111010101000000
2
0011110101000000
8
0011110101000000
8
0011110100000000
8
0011111100000000
8
0011111000000000
8
0111111000000001
5
0110111000000000
8
0110111100000000
8
0110101100000000
7
0111111100000000
8
0111111100000000
0
1001100010000000
2
0001110010100001
5
0001110011100000
8
0001110100100000
7
0000110100000000
3
0011110100000000
4
0111100101000000
1
1111101101000100
6
1011101101000000
8
1011101100000000
2
1010111100000000
3
1011111100000000
8
1010111100000000
3
0011111100000000
4
1111111110000000
3
0111111110000000
8
0111111100000000
4
1111111110000000
3
0011111110000000
8
0111111100000000
4
1111111100000000
0
1111111100000000
0
1111111100000000
0
1011111100000000
4
1111111100000000
0
1111111100000000
0
1111111100000000
0
1111111100000000
0
1101110100000000
3
1111100100000010
5
1111110100000000
5
1111111100000000
0
1111111100000000
0
1111111100000000
0
1101110100000000
5
1101110100000000
7
1001110100000000
8
1000110100000000
7
1000110100000000
7
1000110100000000
0
1001100010000000
2
1001110011100000
1
0001111111100000
8
0001111100100000
7
0001111101000000
8
0001111100000000
3
0011011100000000
4
0011011101000000
8
0011011000000000
1
0011011100000000
4
1111011100000000
2
1011111100000000
4
1111111100000000
4
1111111100000000
0
1111111100000000
0
1111111100000000
0
1111111100000000
0
1111111100000000
0
1111111100000000
0
1111111100000000
0
1111111100000000
0
1011111000000000
1
1011111100000000
4
1111111100000000
0
1111111100000000
0
1110101100000000
2
1010101100000000
3
1111101100010000
6
1110101100010000
7
1110101100000000
2
1110111100000000
7
1110110100000000
7
1111110100000000
5
1111110100000000
5
1111110100000000
5
1111010100000000
6
1111011100000000
6
1111011100000000
6
1011011100000000
6
1011011100000000
0
1001100010000000
2
0001110011100000
8
0001110001100010
5
0001110111100000
8
0001110100100000
7
0001110100000000
3
0011100101000000
8
0011100100000000
4
1111100100000000
2
1111110100000000
1
1111110100000000
1
1111111100000010
0
1111110100000000
1
1111111100000000
0
1111111100000000
0
1111111100000000
0
1111111100000000
0
1111111100000000
0
1111111100000000
0
1111111100000000
0
1101111100000000
3
1111111100000000
0
1111111100000000
0
1111111100000000
0
1111111100000000
0
1111111100000000
0
1111111000000000
1
1011111000000000
8
1011111000000000
4
1111111000000000
5
1111111000000000
5
1111111000000000
5
1111111000000000
5
1111111000000000
5
1111110000000000
5
1111110100000000
5
1101110100000000
7
1101110100000000
7
1101110100000000
5
1101110100000000
0
1001100010000000
2
1001110011100001
5
0001100011100000
1
0001101111100100
8
0001101100100100
7
0001101110000100
8
0001101100000100
6
0001101100000000
3
0011101101000000
8
0011101100000000
4
1111101100000000
2
1111111100000000
0
1110101100000000
2
1110111100010000
7
1110111100000000
3
1111111100000000
0
1111111100000000
0
1110111100000000
3
1111111100000000
0
1111101100000000
2
1111111100000000
0
1111101100000000
2
1111111100000000
0
1101111100000000
3
1111111100000000
0
1111111000000000
1
1111111100000000
0
1111111100000000
0
1111111100000000
0
1111111100000000
0
1111111100000000
0
1111111100000000
0
1011111100000000
8
1111111100000000
0
1111111100000000
0
1111111100000000
0
1111111100000000
0
1111111100000000
0
1111111100000000
0
1110111100000000
0
1001100010000000
2
0001110001100000
8
0001110000100000
7
0001110001000000
8
0001110000000000
3
0011110000000010
5
0011110000000000
4
1111110100000000
1
1011111100000000
4
1111111100000000
0
1111111100000000
0
1111110100000000
1
1111111100000000
0
1111111100000000
0
1111111100000000
0
1111111100000000
0
1110111100000000
3
1111111100000000
0
0111111100000000
4
1111111100000000
2
1111111100000000
0
1111111100000000
0
1111101100000000
2
1111111000000100
5
1111101000000100
6
1111101000000000
2
1111111000000100
5
1001101000000100
6
1001101000000001
5
1001101000000000
2
1101111000000000
7
1001110000000000
3
1111110100000000
5
1111110100000000
5
1111110100000000
5
1101110000000000
5
1101110000000000
5
1101110000000000
5
1101110000000000
5
1101110000000000
0
1001100010000000
2
0001110011100010
5
0000110011100000
8
0000110001110000
8
0000110000110000
7
0000110000000010
3
0011110100000010
5
1011110101000000
8
1011110100000000
1
1001111100000000
3
1011111100000000
8
1111111100000000
0
1111111100000000
0
1111111100000000
0
1111111100000000
0
1111111100000000
0
1111111100000000
0
1111111100000000
0
1111111100000000
4
1111111100000000
0
1111111100000000
0
1111111100000000
0
1111111100000000
0
1110111100000000
0
1110111100000000
3
1111111100000000
0
1111111100000000
0
1111111100000000
0
1111111100000000
0
1111111100000000
0
1111111100000000
0
1111111100000000
0
1111111100000000
0
1111111100000000
0
1111111100000000
0
1111111100000000
0
1111111100000000
0
1110111100000000
7
1110111100000000
7
1010111100000000
0
1001100010000000
2
0001110000100000
7
0001110000000000
3
0011110000000000
1
0011111100000000
4
1101111101000000
7
1001110101000000
8
1001110100100000
7
1001110101000000
8
1001111100000000
3
1011111101000000
8
1001101100000000
3
1011101100000000
2
1011111100000000
4
1111111100000000
1
1111011100000000
2
1111111100000000
4
1111111100000000
0
1110111100000000
3
1111111100000000
0
1111111100000000
0
1110111100000000
7
1110111100000000
3
1111111100000000
0
1111101100000000
2
1111111100000000
0
1111111100000000
0
1111111100000000
0
1111111100000000
0
1111111100000000
0
1111111100000000
0
1111111100000000
0
1111111100000000
0
1111111100000000
0
1101011100000000
7
1101011100000000
7
1101011100000000
7
1101011100001000
6
1001011100100000
7
1001011100100000
0
1001100010000000
2
0000100000100000
7
0000100000000100
3
0111100000000101
6
0111100000000011
5
0111100010000000
8
0111100000000000
1
0111100100000000
1
0111101110000000
8
0111101110000000
8
0111101100000000
2
0111111100000000
4
1111111000000000
1
1111111000000000
1
1011111100000001
4
1111111000000001
5
0111111000000000
1
0111101110000000
8
0111101000000000
1
0111101100000000
2
0111111100000000
8
0011111100000000
4
1111111101000000
3
1011111101000000
8
1011111100000000
0
1011110000000000
1
1001111100000000
3
1011111100000000
8
1011111100000000
8
0011111100000000
8
1011110100000000
8
1011110100000010
5
1011100100000000
1
1011101100000000
8
1001111100000000
8
1001111100000000
8
1001111100000000
8
1001110100100000
7
1001110100000000
5
1101110101000000
0
1001100010000000
2
0011110011100000
8
0001111000100001
7
0001111000000001
5
1001111000000000
3
1011111000000000
4
1111111001000000
1
1011111101000000
8
1011111100000000
4
1011111000000000
4
1011101100000000
4
1111101100000100
6
1111101100000000
2
1111111100000000
0
1111111100000000
0
1011101100000000
2
1011111000000100
5
0011101000000100
6
0011101000000001
5
0011101000000000
1
0011101101000000
8
0011111100000000
4
1111111100000000
0
1110111100000000
3
1110110100000000
7
1110110100000000
3
1111110100000000
1
1111111100000000
0
0101111100000000
3
1111011100000000
0
1111010100000000
1
0111011100000000
8
0111011100000000
6
0111001100000000
6
0111001000000000
6
0111001000000000
6
0111001000000000
6
0111001100000000
6
0111001110000000
8
0111001100000000
0
1001100010000000
2
0001110011000000
8
0001110000100000
7
0001111001000000
8
0001111000000000
3
0011111010000000
8
0001111000000000
3
0011111000100000
8
0001111000100000
7
0001111000000000
3
0011111000000000
4
1011011001000000
8
1011011000000000
2
1001111000000000
3
1011111000100000
4
1101111001100000
7
1101111000100000
7
1001011000000000
2
1001111000000000
3
1011011000000000
1
1011011100000000
2
1011111100000000
4
1111111100000000
2
1110111100000000
7
1110111100000000
3
1111111100000000
0
1111111100000000
0
1111111100000000
0
1111111100000000
0
1111111100000000
0
1111111100000000
0
1111111100000000
0
1111111100000000
0
1110111100000000
7
1110111100000000
7
1110111100000000
7
1110111100000000
7
1110111100000000
7
1010111100000000
7
1010111100000000
0
1001100010000000
2
0001110111000000
8
0001110100100000
7
0001110100000000
3
0011110100000010
5
0011110100000000
4
1111110100000000
1
1111101100000010
2
1111110100000010
5
1111110100000000
1
1111111100000000
2
1011111100000000
4
1111111100000000
2
1111111100000000
0
1111111100000000
0
1011111000000000
4
1011111000000000
4
1111111000000000
1
1111111100000000
0
1111111000000000
1
1101111100000000
3
1111101100000000
2
1111111100000000
0
1111111100000000
0
1111111100000000
0
1111101100000000
6
1111101000000000
1
1111101100000000
6
1111101100000000
6
1111101100000000
6
1111101100000000
6
1111111100000000
0
1111111100000000
0
1111111100000000
0
1111011100000000
6
1111011100000000
6
1111011100000000
6
1111011100000000
0
1001100010000000
2
0001110011100000
8
0001110000100000
7
0001110000000000
3
0011110010000000
8
0011110100000000
4
1111110100000010
5
1111110100000000
1
1111111100000000
0
1111110100000000
1
1111111100000010
2
1111110100000010
5
1111110100000000
1
1111111100000000
0
1111011100000000
2
1111111100000000
0
0011111100000000
4
1011111100000000
4
1111111101000000
3
1011111101000000
8
1011111100000000
4
1111111100000000
0
1111111100000000
0
1111111000000000
1
1111111000000000
1
1101111100000000
7
1101111100000000
3
1111111100000000
0
1101101100000000
2
1101111100000000
7
1101111000000000
7
1101111000000000
7
1101111000000000
7
1101111000000000
7
1101111100000000
7
1101111100000000
7
1111111100000000
0
1111111100000000
0
1111111100000000
0
1111111100000000
0
1001100010000000
2
0011100011000000
8
0011110000000010
5
0001110100000000
3
1011110100000000
4
1111110100000010
5
1111110100000000
1
1111111100000010
0
1111110100000010
5
1111110100000000
1
1111111100000000
0
1111111100000000
0
1111111100000000
0
1111111100000000
0
1111111100000000
3
1111111100000000
0
1110111100000000
3
1111111100000000
0
1111111100000000
0
1111101100000000
2
1111111100000000
0
1111111000000000
1
1111111100000000
0
1101111100000000
3
1111111100100000
2
1100111100100000
7
1100111100000000
3
1110111100000000
3
0111111100000000
8
0101111100000000
3
0111111100000000
8
0111111100000000
8
0111101100000000
6
1111101100000000
6
1111101100000000
6
1111100100000000
6
1111100100000000
6
1111100100000000
6
1111101100000010
6
1111100100000010
0
1001100010000000
2
1001110000100010
7
1001110000000011
5
1001110001000000
8
1001110001000001
8
1001110000000011
5
1001110000000010
5
0001110000000010
5
0001110000000000
3
0011111011100000
8
0011111100100000
8
0001111100100000
7
0001111101100000
8
0001110100100000
7
0001111100000000
3
1001111100000000
4
1001111100100000
7
1001111100000000
3
1011111100000000
8
1011111100000000
4
1111111100000000
0
0111111100000000
4
1111111100000000
0
1111111100000000
0
1111101100000000
2
1111110100000000
1
0111111100000000
4
1111110100000000
5
1111110100000000
5
1111110100000000
5
1111110100000000
5
1110110100000000
7
1110110100000000
5
1111110100000000
5
1111110100000000
5
1111110100000000
5
1101110100000000
7
1101111000000000
7
1101111000000001
5
1101111000000001
0
1001100010000000
2
0001110111100000
8
0001111101100000
8
0001111100100000
7
1001111100000000
3
1011111100000000
4
1101111100000000
7
1101111000000000
1
1001111100000000
3
1011111100100000
4
1101111101100000
7
1001111101000000
8
1001111100100000
7
1001111100000000
3
1011111000000000
4
1110111001000000
7
0010111001000000
8
0010111001010000
8
0010111000000000
3
1011111000000001
5
1011111000000000
4
1111111000000000
1
1111111100000000
0
1111111100000000
0
1111111100000000
0
1110111100000000
3
1111111100000000
0
1111100100000000
1
1111111100000000
0
1111111100000000
0
1110111100000000
7
1110111000000000
7
1110111100000000
7
1110011100000000
2
1110011100000000
7
1110011100000000
7
1110011100000000
7
1110111100000000
7
1110111100000000
7
1111111100000000
0
1001100010000000
2
0011110011100000
8
0001110000100000
7
0001110010000000
8
0011110000100010
5
0001110101000000
8
0001011000000000
3
0011011000100000
6
0001011001100000
8
0001111000100000
7
0001111000000000
3
0011111010000000
8
0101111000000000
3
0011111000000000
4
1111111000000000
1
1100111100000000
3
1111111100000000
0
1110111100000000
3
1011111100000000
3
1011111100000000
4
1111111100000000
0
1111110100000000
1
1101111100000000
3
1111111100000000
0
1111111100000000
0
1111111100000000
0
1111111100000000
0
1111111100000000
0
1111111100000000
0
1111111100000000
0
1111101100000000
6
1111101100000000
6
0111111000000000
8
0110111000000000
8
0110111000000000
8
0110111000000000
8
0110111000010000
7
0110111000000001
5
1110111010000000
7
0110111000000000
0
1001100010000000
2
1001110011100000
1
0001100101100000
8
0001100100100100
7
0001100100000100
6
0001100100100110
7
1001100100000110
6
1001100100000010
5
1111110100000000
1
1111110100000000
1
1111111100000000
2
1111111100000000
0
1111111100000000
0
0111111100000000
4
1101011100000000
2
1111111100000000
0
1110111100000000
3
1111111100000000
0
1111111100000000
0
1111111100000000
0
1111111100000000
0
1111111100000000
0
1110111100000000
3
1111111100000000
0
1101111100000000
3
1111111100000000
0
1111111100000000
0
1111111100000000
0
1111111100000000
0
1111111100000000
0
1111111100000000
0
1111111100000000
0
1111111100000000
0
1111111100000000
0
1111111100000000
0
1111111100000000
0
1111111100000000
0
1111111100000000
0
1111011100000000
6
1111001100000000
0
1001100010000000
2
0011110010100100
8
0001110000100011
7
0001110000000011
5
0001110000000000
3
1011110000000000
1
1011111101000000
8
1011111100000000
4
1011111100000000
4
1111111100000000
3
0111111100000000
4
1111011100000000
2
1111111100000000
0
1101111100000000
3
1111111100000000
0
1111111100000000
0
1111111100000000
0
1111011100000000
2
1111111100000000
0
1111110100000000
0
1111110100000000
1
1111111100000000
0
1111111100000000
0
1111111100000000
0
1111111100000000
0
1111101100000000
2
1011111100000000
8
1011111000000000
4
1111110000000000
5
1110110000000000
1
1110111100000000
7
1110111100000000
7
1110110100000000
7
1100110100000000
7
1100110100000000
7
1100110100000000
7
1100110100000000
7
1100110100000000
7
1100110100000000
7
1100110100000000
0
1001100010000000
2
1001110011100000
1
0001111111100000
8
0001111100100000
7
0101111100000000
3
0111111100000000
1
0110111100000000
3
0111111100000000
4
1111111100000000
0
1111011100000000
2
1011111100000000
8
1011111100000000
0
1010111100000000
3
1011111000000000
1
1011111100000000
4
1111111100000000
0
0111111100000000
4
1111111100000000
0
1111111000000000
5
1101111000000000
3
1111111000000000
1
1111111100000000
0
1111111100000000
0
1111111100000000
0
1111111100000000
0
1111110100000000
5
1111110100000000
1
1111011100000000
2
1111111100000000
0
1111111100000000
0
1101111100000000
7
1101101100000000
2
1101111100000100
7
1001110100000100
5
0001100100000100
6
0001101100000010
6
0001100100000010
5
0011110100100100
5
0001100100100100
6
0001000100000100
0
1001100010000000
2
1101110011000000
7
0001110011000010
5
0001110011100000
8
0001110000100000
7
0001110110000000
8
0001010100100000
7
0001000100001000
6
0001000000000000
2
0001110000000000
3
0011110000000000
4
1111110001000000
1
1011111000000000
4
1111111001000000
1
1011111101000000
8
1011111100000000
4
1110101100000000
2
1110111100000000
7
1110111100000000
3
0111111100010000
4
1110111000000000
3
1111111000000000
5
1111111000000000
1
1111011100000000
2
1011111100000000
4
1111111100000000
0
1011111100000000
4
1110111100000000
3
1111110100010000
1
1111111100010000
0
1110111100010000
7
1110111100000000
7
1110111100000000
7
1111111100000000
0
1111111100000000
0
1111111100000000
0
1111111100000000
0
1011110100000000
8
1011110100000000
5
1011010100000000
0
1001100010000000
2
0001110010100000
8
0001011000100000
7
0001110010000000
8
0001110010000010
8
0001010000000011
3
0011010000000011
5
1011010000000000
1
1011001000000000
2
1010111000000000
3
1011111000000000
4
1111111000000000
0
1111111000000000
1
1111111000000000
1
1111111100000000
0
1111011100000000
2
1111011100000000
2
1111111100000000
0
1111111100000000
0
0110101100000000
2
0110111100000000
3
0111111100000000
4
1111111100000000
0
1111111100000000
0
1111011100000000
2
1111111100000000
0
1011011100000000
2
1011111101000000
8
1011111101000000
8
0011111100000000
8
0011111100000000
8
0011111100000000
8
0001111100000000
8
0001111100000000
8
0101111100000000
8
0101111100000000
8
0001111100000000
8
0001101100000000
8
0001101100000000
8
0001101100100000
0
1001100010000000
2
0000110011000010
5
0000110011110010
5
0000110011110000
8
0000110000110000
7
0000110010000010
8
0000110000100010
7
0000110000100010
7
0000110001000010
8
0000110100110001
7
0000111000000001
3
0011111000000001
5
0001111000000000
3
0011111001000000
8
1011111100000000
4
1111111100000000
0
1111111100000000
0
1101011100000000
2
1101111100000000
3
1111111100000000
1
1111111100000000
0
0111111100000000
4
1111111110000000
3
0011111110000000
8
0011111100000000
8
0001111100000000
3
1011111100000000
0
1011111100000000
1
1001111100000000
3
1011111100000000
8
1111111100000000
0
0111111100000000
8
0111110100000000
8
0111110100000000
8
0111110100000000
8
0111110100000000
8
0111110100000000
8
0111110100000010
5
0111110110000000
8
0111100000000000
0
1001100010000000
2
0001110011000000
8
0001110000100010
5
0001110001100000
8
0001111000100001
7
0001111001000001
8
0001111000000001
5
0001111000000000
3
0011111110100000
8
0001111100000000
3
0011111110100000
8
0001111100100000
7
0101111101000000
7
0101110111000000
7
0001110110000010
8
0001110110100010
8
0001110100100010
7
0001110100000010
5
0001110100000000
3
1011111110000000
8
0011101110000000
8
0011101100000000
4
1111101100000000
6
1111101100000000
6
1011101100000000
2
0011111100000000
4
1111011100000000
2
1101111100000000
7
1101111100000000
3
1111111100000000
0
1111011100000000
6
1011011100000000
6
1010011100000000
3
1011011101010000
8
1010011100010000
7
1010011100000000
3
1011001100000000
6
1011101100000000
6
1011000100000000
6
1111000100000000
0
1001100010000000
2
0001110011100100
8
0001100000100100
7
0001000000000111
3
0011000000001111
6
0010000000001011
3
0011000000011111
4
0110000010000111
8
0110000000011111
7
0110000010011111
8
0110000000011111
7
0110000010001111
8
0110000000010101
7
0110000000001101
6
0010000000000011
3
0011000000000011
5
0011000000000000
1
0011001100001000
6
0011001110000000
8
0011001100000100
6
0011001100000000
2
0011111100000000
4
0111111100000000
4
1111111100000000
0
1111111100000000
0
1011111100000000
4
1111111100000000
0
1111111100000000
0
1111111100000000
0
1111111100000000
0
1111111000000000
0
1111111000000000
5
1111111000000000
5
1111110000000000
5
1011110000000000
5
1011110000000000
5
1001110000000000
5
1001111000000000
8
1001111000000001
5
1001111001000000
0
1001100010000000
2
0001110101100111
8
0001100000100111
7
0001100000000111
3
0011100000100011
8
0001100000100011
7
0001100010000011
8
0001100000000011
3
0011100000000011
5
0011100000000100
6
0011100000000000
1
0111100100000000
2
1111111100000000
2
1111111100000000
0
1111111100000000
0
1101111000000000
3
1111111100000000
0
1111111100000000
0
1111111100000000
0
1111011100000000
2
1111111100000000
0
1111111100000000
0
1111110100000000
1
1111111100000000
0
1111111100000000
0
1111111100000000
0
1111111100000000
0
1011111100000000
0
0111111100000000
8
0111111100000000
8
0111111100000000
8
0111111100000000
8
0111111100000000
8
0111111100000000
8
0111111100000000
8
1111111100000000
0
1110111100000000
7
1110111100000000
7
1110111100000000
7
1110111100000000
0
1001100010000000
2
0001111011100000
8
0001111000100000
7
1001111100100000
7
1101111101000000
7
1101111100000000
3
1111111100100000
2
1100111100100000
7
1100111100000000
3
1111111100000000
0
1111111100000000
0
1111111100000000
0
1101011000000000
2
1001111000001000
3
1011011000001001
6
1011011001000001
8
1011011001001001
8
1011011000001001
6
1011011000000000
2
1011111000001000
5
1111011000001000
6
1111011000000001
5
1111001000000001
5
1111000000001000
6
1111000000000001
5
1111010000000000
1
1111011000000000
1
1101011000000000
2
1101111100000000
3
1001111100000000
3
1011111100000000
8
1011111100000000
8
1001111100000000
3
1011011000000000
6
1011011000000000
6
1011011000000001
5
1011010000000000
5
1011010000000000
5
1011010000000000
5
1011010000000000
0
1001100010000000
2
0101110000100000
7
0101110000000000
3
0111111000000000
4
1111111000000001
5
1111111000000000
1
1111111100000000
4
1111111100000000
1
1111111100000000
0
1111011100000000
6
1111011100000000
2
1111111100000000
0
1111111100000000
4
1111011100000000
2
1111111100000000
0
1111101100000000
2
1111111000000000
1
1111111100000000
0
1111011100000000
2
1111111100000000
0
1111111100000000
0
1111110100000000
5
1111110100000000
1
1111111100000000
0
1111111100000000
0
1111111100000000
0
1111111100000000
0
1111110100000000
5
1111111100000000
0
1111111100000000
0
1111111100000000
0
1111111100000000
0
1110101100000000
2
1110111100000000
7
1110111100000000
7
1110111100000000
7
1110111100000000
7
1110111100000000
7
1110111100000000
7
1110111100000000
0
1001100010000000
2
0001110011000000
8
0001010001100000
1
0001111111100000
8
0001111101100000
8
0001111100000000
3
0011111101000000
8
0011111100000000
4
1111111100000000
0
1111111100000000
0
1111001100000000
2
1111011100000000
2
1111111100000000
0
1111111100000000
0
1111111100000000
0
1111111100000000
0
1111111100000000
0
1101011100000000
2
0101111100000000
4
1101111100000000
3
1111111100000000
0
1111101100000000
2
1111111100000000
0
1111111100000000
0
1111111100000000
0
1111111100000000
0
1111111100000000
0
1111110100000000
5
1111100100000000
1
1111101100000000
6
1111101100000000
6
1111111100000000
0
1111111100000000
0
0111111100000000
8
0111111100000000
8
0110111100000000
8
0110011100000000
7
0110011100000000
7
0110011100000000
6
0110011100000000
0
1001100010000000
2
0001110000100000
7
0001110000000000
3
0001111000000000
3
1011111000000000
8
1011111000000000
1
1011111100000000
4
1111111101000000
3
1111111101000000
3
1011101101000000
8
1011101100000000
2
1011111100000000
4
1111111100000000
0
1111111100000000
0
1111111100000000
0
1111111100000000
0
1111111100000000
0
1111111100000000
0
1111111100000000
0
1111111000000000
0
1111111000000000
1
1111111100000000
0
1111111100000000
0
1111111100000000
0
1101111100000000
3
0111111100000000
8
0111111100000000
8
0111111100000000
8
0011111100000000
8
0011110100000000
4
1111110100000010
5
1111110100000000
5
1111110100000000
5
1111010100000000
6
1111010100000000
6
1111010100000000
6
1111010100000000
6
1111110100000000
5
1011100100000000
5
1011110100000000
0
1001100010000000
2
0011111000000000
4
1111111000000001
5
1111111000000000
1
1111111100000000
0
1111111100000000
0
0111111100000000
4
1111111100000000
4
1111111100000000
4
1111101100000000
2
1111111000000000
1
1111111000000000
5
1111111000000000
1
1011111100000000
4
1111111100000000
1
1111101100000000
2
1111111100000000
0
1111111100000000
0
1111010100000000
1
1111011100000000
2
1111111100000000
0
1111111100000000
0
1111111100000000
0
1111111100000000
0
1110111100000000
3
1111101100000000
2
1110111100000000
3
0111101100000000
2
0111111100000000
8
1111111100000000
0
1111111100000000
0
1111111100000000
0
1111011100000000
6
1101011100000000
2
0101111100000000
8
1101111100000000
7
1101011100000000
7
1101011100000000
7
1101111100001000
7
1101011100001000
0
1001100010000000
2
1001111011100001
5
0001111011100000
8
0001111010100000
8
0001111000100000
7
1001111010000000
3
0111111011100000
1
0101111111100000
7
0101111111000000
7
0101111111000000
7
0001111111000000
8
0001111100100000
7
0001111100000000
3
0111111100000000
4
1111111000000000
1
1111111100000000
0
1110111100000000
3
1111111100000000
1
1011111100000000
4
1011101100000000
2
1001111100000000
3
1011011100000000
2
1011111100000000
4
1111011100000000
2
1111111100000000
0
1111111100000000
0
1111101100000000
2
1111111100000000
0
1110111100000000
7
1110111100000000
7
1110111000000000
7
1110111000000000
7
1110111000000000
5
1110111000000000
7
1110101000000000
2
1110111000000000
7
1100111000000000
7
1100111000000000
7
1100111000000000
7
0100111000000000
0
1001100010000000
2
0001111011000000
8
0001111000100000
7
0000111010000000
8
0000101000110000
1
0000101101110100
8
0000101100110100
7
1000101011100100
1
0001101101110100
8
0001101100100100
7
0001101100000100
6
0111101110000000
8
0111101100000000
2
0111111100000000
4
1111111100000000
1
1111111100000000
0
1111111100000000
0
1111111100000000
0
1011111100000000
4
1111111101000000
3
1011011101000000
8
1011011100000000
2
1111111100001000
0
1111011100000000
2
1111111100000000
0
1101111100000000
3
1111111100000000
0
1111111100000000
0
1111111100000000
0
1111111100000000
0
1111011100000000
6
1111011100000000
6
1110011100000000
7
1110011100000000
2
1110110100000000
7
1111110100000000
5
1111110100000000
5
0101110100000000
8
0101111100000000
7
1101011100100000
0
1001100010000000
2
0001111010100010
8
0001111100000011
3
0111111110000001
8
0111111100000001
4
1111111100000001
3
1111111100000001
2
1111111000000001
5
1111111000000000
1
1111111000000000
1
0111111100000000
4
1111111100000000
0
1111111100000000
0
1101111100000000
3
1111101100000000
6
1111101100000000
6
1111101100000000
6
1111101100000000
6
0111111100000000
8
0101111000000000
8
0101111000000001
5
0101111000000000
0
1001100010000000
2
0001110010000010
8
0011110000100011
5
0001100010100000
1
0001101111100001
8
0001001000100100
7
0101001001101101
8
0001001001101101
8
0001001000101101
7
0001001000001100
6
0001001000000001
3
0011001010000101
8
0111001000000101
6
0110001010000001
2
0110111010000001
8
0100111000000001
5
0000111000000000
3
0011111000000000
4
1111011100000000
2
1111011100000000
6
1110011100000000
2
1010011100000000
3
1011011100000000
8
0011111100000000
8
0011111100000000
8
1011111000000000
5
1011111000000000
8
1111111000000000
5
1111111000000000
5
1110111000000000
5
1110111000000000
0
1001100010000000
2
0001110011000000
8
0001110000100000
7
0001110000100000
7
0101110001000000
7
0001110001000001
8
0001110000000011
5
0001110000000000
3
0011110100000000
4
1111110100000000
1
1111111100000010
0
0111110100000010
5
0110110100000000
3
0111110100000000
4
1111110100000000
1
1111011100000000
2
1111111100000000
0
0111111000000000
8
1111111000000000
5
1111011000000000
1
1111011000000000
1
1111011100000000
6
1111011100000000
6
1111011100000000
6
1111001100000000
6
1111011100000000
6
1111001100000000
6
1111000100000000
0
1001100010000000
2
0001110010100000
8
0001110000100000
7
0001110000000010
5
0000110000000000
3
0011110000000000
4
1111110000000000
1
1111111100000000
3
1111111100000000
0
1111111100000000
0
1111111100000000
2
1111111100000000
0
1111101100000000
2
1101111100000000
3
1111111100000000
0
1111101100000000
2
1111111100000000
0
1111111100000000
0
1110111100000000
3
1111111100000000
0
1101111100000000
3
1110111100000000
3
1111111100000000
0
1111111100000000
0
1111111100000000
0
1111111000000000
5
1111101000000000
1
1101101100000000
2
1101111100000000
7
1001111100000000
8
1011111100000000
8
1011110100000000
8
1011100100000000
5
1011100100000000
0
1001100010000000
2
0001111010000000
8
0001101000100000
7
0001101000000001
3
0011101000000001
5
0101101000000000
2
0101101000000000
2
0001111000000000
3
0011101100000001
2
0011111001000001
8
0011011000000001
5
0001011000000000
3
0011011000000000
1
0011011100000000
4
1111011100000000
2
1111111100000000
0
1111110100000000
5
1111111100000000
0
1111101100000000
2
1011111100000000
8
1001111100000000
3
1011111100000000
8
1111111100000000
0
1111111000000000
5
0111111000000000
8
0011111000000001
5
0011111000000000
8
0011111000000000
8
0011111000000000
0
1001100010000000
2
0001110111100010
5
0001110111100000
8
0001110100100000
7
0001110100000000
3
0011110100000000
4
1111110100000000
1
1011111100000000
4
1111111100000000
0
1111111100000000
0
1111111100000000
0
1101111100000000
3
0011111100000000
4
1111011100000000
0
1111001100000000
6
1111001100000000
2
1111111000000000
1
1111111100000000
0
1111111100000000
0
1101011100000000
2
1111011100000000
2
1011111100000000
4
1111110100000000
5
1111110100000000
0
1111110100000000
1
1110111100000000
3
1111111100000000
0
1101111100000000
7
1101111100000000
3
1111111100000000
0
1101111100000000
7
1111111100000000
0
1111111100000000
0
0011111100000000
8
0011111100000000
8
0011111100000000
8
0111111100000000
8
0111110100000000
8
0111110100000000
5
0111110100000000
0
1001100010000000
2
0000110011100001
5
0000110011110000
8
0000110000110000
7
0000111000000000
3
0010111000000000
3
0011111000000000
4
1111111000000000
1
1111111100000000
0
1101111100000000
3
1111111100000000
0
1111111100000000
4
1111111100000000
0
1111111000000000
1
1111111100000000
0
1111111100000000
0
1111011100000000
2
1111111100000000
0
1111111100000000
0
1111110100000000
1
0110111100000000
3
0111111100000000
8
0111111100000000
8
0111111100000000
4
1111111100000000
0
1111111100000000
0
1111111100000000
0
1111111100000000
0
1111111100000000
0
1111111100000000
0
1101011100000000
2
1101111100000000
7
0101111100000000
3
0111111100000000
8
0111111100000000
8
0111011100000000
8
1111011100000000
6
1111011100000000
6
1111011100000000
6
1111011100000000
0
1001100010000000
2
0001111011100000
8
0001111000100000
7
0001111010000000
8
0001111100000001
3
0011111000000001
5
0001111000000000
3
0011011000000000
1
0111011100000000
4
1111011100000000
2
1111111100000000
0
0111111100000000
4
1111111100000000
0
1011111100000000
4
1111111100000000
0
1111101100000000
2
1111111100000000
0
1111111100000000
0
1110111100000000
3
0111111100000000
4
0111111100000000
4
0111111100000000
8
0111111100000000
8
0111011100000000
6
0111101100000000
6
0111001100000000
6
0110101100000000
3
0111111100000000
8
0111111100000000
8
0111111100000000
8
0011111000000000
8
0011111000000001
0
1001100010000000
2
1001110011100001
5
0001110001100000
8
0001010100100000
7
0101010100101000
7
0101010100001010
6
0111010110000010
8
0111010100001010
6
0111010100000010
5
0111010100000000
1
0111011100000000
2
1111111100000000
0
1111111100000000
0
1111111100000000
0
1110111100000000
3
1111111100000000
0
1111111100000000
0
1111110100000000
1
1111111100000010
0
1111110100000010
5
1111110100000000
1
1111011100000000
0
1111011100000000
2
1111111100000000
0
1011111100000000
4
1111111100000000
0
1110111100000000
7
1110101100000000
2
1110101000000000
2
1110111000000000
7
1111111000000000
5
1111111000000000
5
1111101000000000
6
1111101000000000
6
1111001100000000
6
1111001100000000
6
1111011100000000
6
1111011100000000
6
1111011000000000
5
1111011000000000
0
1001100010000000
2
1001110011100000
1
0001111111100000
8
0001111100100000
7
1001011101000000
8
1001011000100000
7
1101011000001000
6
1101011000000000
2
1101111000000000
1
1101111100000000
3
1101111100000000
3
1111011100000000
2
1111110100000000
1
1111111100000000
0
1111111100000000
0
1111111100000000
0
1111111100000000
0
1111111100000000
0
1111101100000000
2
1111111100000000
0
0111111000000000
4
1111111000000000
1
1111111100000000
0
1111111100000000
0
1111111100000000
0
1111111100000000
0
1111011100000000
0
1111111100000000
0
1111101100000000
6
1101101100000000
2
1101111100100000
7
1101111100000000
7
1101101100000000
2
1101111100000000
7
1000111100000000
7
1100101100000000
7
1111101100000000
6
1110101100000000
7
1110101100000000
6
1100101100000000
0
1001100010000000
2
1001110001100000
8
1001110000100000
7
1001010000000000
2
1001110000100000
7
1101111000100000
7
1101111000000001
5
0101110000000001
5
0101110000000000
3
0111110000000000
1
0111111100000000
4
1111111100000000
0
0111011100000000
4
1111011100001000
6
1111011100000000
0
1111011100001000
6
1111011100000000
6
1111011100000000
2
1111111100000000
0
1101111100000000
3
1111101100000000
2
1111111100000000
0
1011111100000000
4
1111111100000000
0
1111110100000000
1
1111111100000000
0
1111111100000000
0
1101111100000000
7
1101111100000000
7
1001111100000000
3
1011111100000000
8
1011111100000000
8
1011111100000000
8
1011111100000000
8
1011111100000000
8
1111111100000000
0
1111101100000000
6
1110101100000000
7
1110101100000000
6
1110101000010000
0
1001100010000000
2
0001110000100100
7
0001100010000111
8
0001100000100111
7
0001100000100111
7
0001100000100111
7
0001100000100111
7
0001100000000111
3
0011100001000111
8
0001100000000111
3
1011100000000111
6
1011100001000011
8
1011100000000111
6
1011100000000011
5
1011100000000100
6
1011100000000001
5
1001100000000000
2
1001110000000000
3
1011110000000000
1
1001111100000000
3
1011111101000000
8
1011111100000000
4
1111011100000000
2
1111111100000000
0
1111111100000000
0
1111111100000000
0
1111111100000000
0
1111111100000000
0
1111111100000000
0
1111101100000000
6
1111101100000000
6
1111101100000000
6
1111001100000000
6
0111001100000000
6
0111001110000000
8
0111000100000000
6
0111000100000000
6
0111100100000000
6
0111100100000000
5
0011110100000000
0
1001100010000000
2
0001110011000000
8
0000110000100000
7
0000110000100000
7
1000110011100000
1
0000001011110001
8
0000011000111001
7
0000011000001001
3
0011011000101001
8
0001011000101001
7
0001001000001001
6
0001001010100001
8
0001001010100101
8
0001001000101101
7
0001001000001101
3
0001001000001101
3
0011001000001101
6
1011001001000001
8
1011000000000001
5
1011000000000000
1
1011001101000000
8
1011001100000100
6
1010001100000000
2
1110111100000100
7
1110101100000100
6
0110101100000000
3
0111101100000000
2
0101111100000000
3
0111111100000000
8
0111111000000000
8
0111111000000000
8
0101111000000000
3
0111111000000000
8
0111111000000000
8
1111110000000000
5
1111110000000000
5
1111110000000000
5
1111010000000000
5
1111010000000000
5
0111010000000000
0
1001100010000000
2
0001110010000000
8
0001110000100000
7
0001100001100000
1
0001101111100100
8
0001101100100100
7
0001101100000100
6
0011101101000000
8
0001101000000100
6
0001101100000001
3
0011101000000001
5
1011101011000100
6
0011101011000001
8
0010101010000001
8
0010101000010001
7
0110101010000101
8
0110101010000101
8
0110101000010101
7
1100101000000101
6
1100101000000001
5
1100101000010100
7
1100101000000100
6
1100101000000001
5
1100101000000000
2
1000111000010001
7
1000111000000001
5
1001011000000000
3
1011111000000000
8
0011111000000000
8
0011111000000000
8
0011111000000001
5
0011111000000001
5
0011111001000000
8
0011101001000000
8
0011101000000001
5
0011001000000000
6
0011001100000000
8
0011001000001100
6
0011001000000001
5
0001001001000000
0
1001100010000000
2
0001110001100000
8
0001110000100000
7
0001110110000001
8
0001110000100010
5
0001110001100010
8
0001110000100011
7
0001110001100011
8
0001110000100011
7
0001110011000001
5
0001110011100000
8
0001110010100001
5
0001010011100000
1
0001011111101000
8
0001011100101000
7
0101011110001000
8
0111011100101000
6
0111010110100000
8
0101010110100000
8
0101010100100000
7
1101010100001000
6
1101010100000000
2
1111110100000000
5
1111110100000000
1
1110111100000000
3
0111111100000000
8
0111111100000000
8
0111111100000000
8
0111111100000000
8
0111111100000000
8
0111111100000000
8
0111111100000000
8
1111011100000000
0
1001100010000000
2
0001110001100000
8
0001110000100000
7
0001110000000000
3
0011110000000000
4
1011100000000000
1
1011101100000000
2
1011101101000000
8
1011000100000000
1
1011001100000000
2
1011111100000000
4
1110111100000000
3
1111011100000000
2
1101111100001000
3
1111110100000000
1
1011111100000000
4
1011111000000000
4
1111111000000000
1
1111111000000000
0
1010111000000001
5
1010101000000000
2
0110110000000000
3
0111110000010000
1
0110111100000000
3
0111111110000000
8
0110111100000000
3
0111111100000000
8
0111111100000000
8
0111111100000000
8
0011111100000000
8
0011111100000000
8
0011111100000000
8
0111111100000000
8
0111101100000000
8
0111101100000000
8
0111101100000000
8
0111101100000000
6
0111100100000000
6
0110100100000000
5
0110100100000000
0
1001100010000000
2
0001110010100000
8
0000110000100000
7
0000110011000000
8
0000110101110000
8
0000110100110000
7
0000110110000000
8
0000110100110000
7
0000110100000000
3
0011111100000000
4
1111111100000000
0
1111111100000000
0
1110111100000000
3
1111111100010000
2
1110111100010000
7
1110011100000000
2
1110111100000000
3
1111111100010000
2
1110111100010000
7
0110111100000000
3
0111111100000000
4
1111111100000000
0
1110111100000000
3
1111111100000000
0
1111111100000000
0
1111111100000000
0
1101111100000000
3
1111111100000000
0
1111111100000000
0
1111101100000000
6
1111101100000000
6
1111101100000000
6
1111101100000000
6
1110101100000000
2
1110111100000000
7
1110111100000000
7
1111111100000000
0
1111011100000000
6
1111011100000000
6
0111011100000000
0
1001100010000000
2
0001110000100000
7
0001110010000000
8
0001110000000000
3
0011100000000001
5
0011100000000100
6
1010100000000010
5
1010100000010100
7
1010101000000111
6
1010100000000011
3
0011100000000011
5
0011100010000000
8
0011100000000000
1
0011101100000100
6
0011101101000000
8
0011001100000000
2
0011111100000100
4
1111101100000100
6
1111101100000100
6
1111101100000000
2
1111111100000000
0
1111111100000000
0
1111101100000000
2
1111111100000000
0
1011111100000000
8
1011111100000000
4
1111111100000000
0
1111111100000000
0
1111111100000000
0
1111111100000000
0
1111111100000000
0
1111111000000000
5
0101111000000000
8
0101111000000001
5
0100111000000000
7
0100111010000000
0
1001100010000000
2
1001110011000000
7
0001110011000000
8
0001100000100000
7
0001100010000000
2
0001100110000000
2
0001110111100010
5
0001110111100000
8
0001110101000000
8
0001110100100000
7
0001110100000000
3
0011110100100000
4
1101110110100000
7
0101110110000000
8
0111110100100000
4
1101111000100000
7
1101111000000001
5
1101111000000000
1
1101001100000000
2
1101110100000000
3
1111110100000000
1
1111111100000000
0
1111011100000000
2
1110111100000000
3
1110111100000000
7
1110111100000000
0
1110111100000000
0
1110111100000000
7
1110111100000000
7
1111111100000000
0
1111101100000000
6
1101101100000000
0
1001100010000000
2
1001111000100000
7
1001111001000000
8
1001111000100000
7
1001111000000000
3
1011111000000000
8
1011111000000000
4
1111111001000000
1
1111111101000000
3
1011111101000000
8
1011111100000000
4
0111111100000000
4
1011111100000000
4
1111111000000000
1
1111110100000000
5
1111100100000000
1
1111101100000000
2
1111111100000000
0
1111111100000000
0
1111011100000000
6
1111011100000000
6
1111011100000000
6
1111011100000000
6
1111001100000000
6
1111011100000000
6
1111011100000000
6
1111011100000000
6
1111011100000000
6
1111011000000000
0
1001100010000000
2
0001110011100101
8
0001100001000111
8
0001100000000111
3
0011100000100011
8
0001110000100111
7
0001100000000111
3
0011100000000111
6
1111100000000011
5
1110110000000001
5
1100110000010001
7
1100110000000011
5
1101110000000001
5
1101010000000000
2
1101110000000000
3
1111110100000000
1
1111111100000000
0
1111111100000000
0
1111111100000000
3
0111111100000000
4
1111111100000000
0
1111111100000000
0
1111111100000000
0
1111111100000000
0
1111101100000000
2
0101111100000000
3
1101011100100000
7
1101011100000000
2
1101111100000000
3
1111111100100000
0
1101100100000000
2
1101100100000000
2
1101110100000000
7
1101110100000000
7
0101110100000000
8
0101110100000000
8
0101111100000010
8
0101110100000000
8
0101110100000000
5
0101110100000000
0
1001100010000000
2
1001111011100000
7
0001111011000001
8
0001111000100001
7
0001111000000001
5
0001111000100000
7
0001011011000000
2
0001011011100000
1
0001011111101000
8
0001011100101000
7
0001011100001000
6
0001011101000000
8
0001011100100000
7
0001101110000000
8
0001101110100000
8
0001101100100000
7
0001101100100100
7
0001101101000100
8
0001101000100100
7
0001101000000101
6
0010001000100001
4
1100001000001001
6
1101001000000001
5
1101001000001000
6
0101001000000001
5
0101001000000000
2
0101111000001000
3
0111111000001001
5
0111011000001000
6
0111011000000001
5
0111011000001000
6
0001011010000001
8
0011011000000001
5
0011011000000000
8
0011011000001000
6
0011011000000000
8
0011111000000000
8
0001111000000000
8
0101101100000000
6
0101101110000000
0
1001100010000000
2
0001110010100000
8
0101110010100000
8
0101110000100000
7
0101101000100000
7
0101101000000000
2
0100110000000000
3
0101110000000000
3
0111110000000000
1
0111011100000000
8
0011011100000000
4
0111111100000000
4
1111111100000000
0
1111111100000000
0
1111111100000000
0
1111111100000000
0
1111111100000000
0
1110111100000000
3
1111111100000000
0
1111111100000000
0
1111111100000000
0
1101111100000000
3
1111111100100000
2
1101111100100000
7
1101111100000000
3
1111001100100000
6
1101001100100000
7
1101001100001100
6
1101001100000000
2
1101111000000000
7
1001101000000000
3
1111101101000000
6
1011111101000000
8
1000111100000000
3
1011110100000000
8
1111110100000000
5
1111110100000000
5
1111110100000000
5
1111010100000000
5
1111010100000000
0
1001100010000000
2
1001110001100100
8
1001100000100101
7
1001100000000111
6
1001100000000010
5
1011100000000000
1
1011001100000000
2
1111101100000000
2
1111111100000000
0
1111111100000000
0
1101111100000000
3
1111111100000000
0
1111111100000000
0
1111111100000000
0
1111111100000000
0
1111111100000000
0
1111111100000000
0
1111111100000000
0
1010111100000000
3
1011111100010000
4
1110111101010000
7
1010111101010000
8
1010111100010000
7
1010111101000000
8
1010111100000000
4
1110011101000000
7
1010011101000000
8
1010010100010000
7
1010010100001000
6
1010011000010000
7
1010001000001000
6
1010001000000001
5
1010001000000000
2
1010111000000000
8
1010111000000000
8
1010111000000000
8
1011111000010000
8
1010111000010000
7
1010111001000000
8
1010111000000000
0
0001110011000000
8
0001110000100010
5
0101110000000000
3
0111010000000000
1
1111011110000000
2
0111011110000000
8
0111111100000000
4
0111111100000000
4
1110111100000000
3
1111110100000000
1
0111111100000000
0
0111111100000000
4
0110011100000000
3
0111011100000000
2
0111110010000000
8
0111110000000000
1
0111110000000000
1
0111111100000010
4
1111110100000010
5
1111110100000010
5
1011110100000000
1
1011111100000000
0
1001111100000000
3
1001111100000000
3
1011111100000000
4
1111111100000000
0
1111111100000000
0
1111111100000000
0
1111111100000000
0
1111101100000000
6
1111101100000000
6
1111101000000000
1
1111101100000000
6
1111101100000000
6
1111101100000000
6
1111100100000000
6
1110100100000000
6
1110101100000000
6
1110101100000000
0
1001100010000000
2
1001110111100001
5
0001110011100000
8
0001110000100000
7
0001110000100000
7
0001110001000001
8
0001110001100011
8
0001110000100011
7
0001110000100001
5
0101110000100000
7
0001110000000010
5
0001110000000000
3
0011010000000000
1
0111011100000000
4
1111011100000000
6
1111011100000000
1
0111111100000000
4
1111111100000000
0
1111110100000000
1
1111111100000000
0
1010111100000000
3
1011101100000000
2
1011111100000000
4
1101111100000000
7
1101111100000000
3
1011111100000000
8
1011111100000000
8
1011111100000000
0
1001100010000000
2
0001110010100000
8
0000110000100000
7
0000110001000010
8
0000110000100011
7
0000110000000011
3
0001110001010011
5
0000010011110001
8
0000110000111001
7
0000010010001011
8
0000010000011011
7
0100010000001011
3
0010010000001011
3
0011010001011011
8
0010010000011011
7
0010010000001011
3
0011010000001011
6
1011010000000011
5
1011010001000000
8
1011010000000000
1
0011011100000000
4
1111001100000000
6
1111001100000000
2
1111111100000100
0
1111101100000100
6
1111100000000100
6
1111100000000011
5
1111100000000100
6
1111100000000001
5
1111010000000000
1
1111011000000000
1
1110100100000000
0
1001100010000000
2
1011110001100010
5
1001110001100010
5
1001110101100000
8
1001110000100000
7
1001100000000000
2
1001110001000000
8
1001010000100000
7
1001010001000000
2
1001111001100000
8
1001111000000000
3
1011111001000000
8
1011111000000000
4
1111111100000000
0
1111111000000000
1
1111011100000000
0
1111011100000000
2
1111111100000000
0
1111111100000000
0
1101111000000000
1
1101111100100000
7
1101111100000000
3
1111111100000000
0
1111111100000000
0
1111011100000000
2
1111111000000000
1
0111111100000000
4
1111111100000000
0
1111111100000000
0
1111111100000000
0
1111110100000000
5
1111010100000000
1
1111010100000000
6
1111010100000000
6
1111011100000000
6
1111001100000000
6
1111001100000000
6
1110001100000000
6
1110001100000000
6
1110001100000000
0
1001100010000000
2
1001110011100000
1
1001111101100000
8
1001111000100000
7
1101111000000000
3
1111111000000001
5
1111111000000000
0
1111111000000001
5
1111111000000000
5
1111111000000000
1
1100111100000000
3
0111101100000000
2
0111111100000000
4
1111111100000000
0
1111111100000000
3
1111111100000000
0
1111111100000000
0
1111111100000000
0
1111111100000000
0
1101111100000000
3
1111111100000000
0
1001111000000000
3
1011111000100000
4
1101111001000000
7
1001111001000000
8
1001110000100000
7
0001110000000000
3
0011110000000001
5
0011110000000000
1
1011111100000000
0
1011111100000000
8
1111011100000000
6
1111010100000000
6
1110010100000000
7
1110010100000000
7
1110010100000000
6
1110010100000000
5
1110011100000010
0
1001100010000000
2
0001110011100101
8
0001000000100111
7
0001000000001111
3
0011000000101111
4
1101000000001111
6
1101000000000011
2
1100010000000011
2
1100110000000011
5
1101110000000000
1
1101101000000000
2
1111111000000000
1
0111111100000000
4
0111111100000000
8
1111111100000000
0
1111111100000000
0
1111111100000000
4
1111111100000000
0
1111101100000000
0
1111101100000000
6
1101101100000000
2
1101111100000000
3
1111010100100000
6
1111010100100000
6
1101010100100000
7
1101010100001010
6
1101010000000010
5
1001010100001000
6
1001011100001000
6
1111011100001000
6
1111011100001000
6
1111011100000000
6
1111110100000000
5
1011110100000000
8
1011110100000000
8
1011110100000000
8
1011110100000000
8
1011110100000000
8
0011110100000000
8
0010110100000000
0
1001100010000000
2
0101111011100000
7
0001111101000000
8
0001111100100000
7
0001111100000000
3
0011111100000000
4
1111111100000000
0
1011111100000000
4
1111111100000000
0
1111111100000000
0
1011111100000000
4
1111110100000000
1
0110111100000010
3
0111110100000010
5
0111110100000000
1
0111111110000000
8
0111111100000000
4
1111111000000000
1
1111111100000000
0
1111111100000000
0
1111111000000000
1
1111111100000000
0
1111111100000000
0
1111111100000000
0
1101111100000000
3
1111111100000000
0
1111111100000000
0
1111111100000000
0
1111011100000000
6
1111011100000000
6
1111011100000000
6
1111011100000000
6
1111011100000000
6
1101011100000000
7
1101011000000000
2
1111111000000000
5
1111111000000000
5
1111111000000000
5
1110111100000000
7
1010111100000000
0
1001100010000000
2
0001110110100000
8
0001010100100010
7
0001010101001010
8
0001010101101010
8
0001010100101010
7
0001010110001010
8
0011010100101010
8
0101010100101010
7
0101010110000010
8
0101010100000010
5
0101010100000000
3
0111010100100000
6
0101010010100000
1
0101010110101000
8
0100010100101000
7
0100010100001000
6
0100010100000010
3
0111010100001010
6
0111010100000010
5
0101010000001000
6
0101010010100001
8
0101010000100001
7
0101010010001011
8
0101010000001011
6
0101010000000010
5
0101010000100000
7
0101010100001000
6
0101010100001000
6
0100000100100010
7
0100000100001110
6
0110000100100010
5
0100100110111110
8
0100000100110100
7
0100000110001110
8
0100000100111110
7
0100000100011110
7
0100000100001110
6
0100000100100010
6
0100100100100010
0
1001100010000000
2
0001110011100000
8
0001100000100000
7
0001100000000100
6
0001100010000011
8
0001100000100111
7
1101100011000111
7
0001100001000111
8
0001100000000111
3
0001100000000111
3
0011100000100011
8
0101100000000111
6
0101100000000011
5
0111100010000001
5
0111100010000000
8
0111100000000000
1
0111101100000000
2
0111111100000000
4
1101111100000000
3
1111110100000000
1
1111111100000000
0
1111111000000000
1
1111111100000000
0
1111111100000000
0
1111111100000000
0
1011111100000000
4
1111111100000000
0
1111111100000000
0
1111110000000000
5
1111110000000000
5
1111110000000000
5
1011110000000000
5
1011111000000000
8
1011111000000000
8
1011111000000000
8
1011111000000000
8
1011111000000000
8
1011111000000000
8
1011111000000000
5
1010111000000000
0
1001100010000000
2
0100111011000000
7
0000111011000000
8
0000111000110000
7
0000110001000000
8
0001110000110000
4
0100110000110000
7
0100110000000010
5
0100110100000000
3
0111111100000010
4
1111110100000000
1
1111110100000000
5
1111111100000000
0
1111111100000000
2
1110111100000000
3
1111111100000000
0
1111111000000000
1
1110111100000000
3
1111111100000000
0
1110111100000000
3
1110101100000000
2
1110111100010000
7
1010111100000000
3
1011111100000000
4
1101111100000000
3
1111111100000000
0
1111111100000000
0
1111101100000000
2
1111111000000000
5
1111011000000000
1
1111011100001000
6
1111011100000000
6
1111011000000000
1
1101011100000000
2
1101111100000000
7
1111111100000000
0
1111110100000000
5
1111110000000000
5
1111111000000000
5
1111111000000000
0
1001100010000000
2
1001100000000000
2
1011110100000000
1
1011111100000000
4
1111111100000000
0
1101111100000000
3
1011011100000000
2
1011110100000000
1
1011101101000000
8
1011101100000000
2
1011111100000000
0
1011111100000000
4
1101111100000000
3
0111111100000000
4
1111111100000000
0
1111111000000000
1
1111111100000000
0
1111011100000000
2
1011111000000000
8
1011101000000000
6
1011100000000000
5
1011100000000000
5
1011101101000100
6
1011101101000000
0
1001100010000000
2
0001110011100000
8
0001110000100000
7
0101110011000000
7
0011110011000000
8
0010110000000000
3
0011110100000010
5
1011110101000000
8
1011110000000000
1
1011111101000000
8
1011111100000000
4
1111111100000000
0
1111111100000000
0
1110111100000000
3
1111111100000000
0
1101111100000000
3
1111011100000000
2
1111111100000000
0
1111101100000000
2
1111111100000000
0
1011111100000000
4
1111111100000000
0
1111111100000000
0
1111111100000000
0
1111111100000000
0
1111111100000000
0
1111111100000000
0
1111111000000000
1
1111111100000000
0
1111111100000000
0
1111110100000000
5
1110110100000000
7
1100111100000000
7
1100110100000000
7
0110101100000000
3
0111101100000000
6
0111111100000000
8
0011111100000000
8
0011111100000000
8
0011101100000000
0
1001100010000000
2
0011110001000000
8
0011110000000001
5
0001110000000000
3
0101111000000000
3
0111111000000000
4
1111111000000000
1
1111111100000000
1
1111111100000000
0
1111110000000000
1
0111111100000000
4
1011111100000000
4
1111111101000000
0
1011111101000000
8
1011111100000000
0
1111111100000000
0
1111011100000000
6
1111111000000000
5
1011101000000000
1
1011001100000000
6
1011001100000000
6
1001001100000000
3
1011001100000100
6
1110001100000100
6
1100001100000000
7
1100001100000100
6
0100001100000000
6
0101001100100000
0
1001100010000000
2
0011110011100000
8
0001110000100000
7
0001110000000010
5
0001110000000000
3
0011110000100000
8
0001110000000010
5
0001110000000000
3
0011110000000000
4
1111110000000001
5
1111110000000000
1
1111111100000000
0
0111111100000000
2
0111111100000000
4
0111111100000000
4
1111111100000000
0
1101111100000000
3
1111111100000000
0
1111111100000000
0
1111111100000000
0
1110111100000000
3
1110111100000000
3
1111111100000000
0
1111111100000000
0
1111111100000000
0
1111111100000000
0
0111101100000000
4
1111101100000000
6
1101101100000000
2
1101111100100000
7
1101111000000000
7
0101101100000000
3
0111101100000000
6
0111100100000000
6
0111100100000000
6
0111100100000000
6
0111101100000000
6
0111101100000000
6
0111101100000000
0
1001100010000000
2
0001110011000000
8
0001110000100000
7
0101111000000000
3
0111111000000000
4
1111111000000001
5
1011111000000001
5
1011101000000000
1
1011001100000000
2
1011111101000000
8
1011111100000000
4
1111011100000000
2
1101111100000000
7
1101111100000000
3
1111111100000000
0
1111111100000000
2
1111110100000000
1
1011111100000000
4
1001100010000000
2
1001100010100000
1
0001101111100100
8
0001101111000100
8
0011101100100100
4
0001101100100100
7
0101101100000100
6
1101101100100100
7
1101101100000100
6
1101100100000100
6
1101100100000000
2
1111100100000000
1
1111100100000000
2
1111110100000000
1
0111111100000010
4
0111110100000010
5
0111110100000000
4
0111110100000000
4
1111110100000000
1
1111110100000010
5
1111110100000000
0
1111110100000000
1
1111011100000000
2
1111011100000000
2
1111111100000000
0
1111111100000000
0
1110111100000000
3
1110111100000000
7
1110111100000000
7
1110111100000000
7
1110111100000000
7
0010111100000000
3
0011111111000000
8
1001100010000000
2
0001100000100000
7
0001100000000000
3
1001001000000000
2
1001111000000000
3
1001111000000000
3
1011111100000000
4
1111111100000000
1
1101111100000000
3
1101111100000000
7
1111111100000000
0
1110011100000000
2
1110111100000000
3
1111111100000000
0
1111111100000000
0
1111111100000000
0
1101111000000000
1
1101111000000000
3
1111111000000000
5
1111111100000000
0
1111111100000000
0
1111111100000000
0
1110111100000000
3
1110111100000000
3
1111111100000000
0
1111111100000000
0
1111111100000000
0
1111110100000000
1
1111111100000000
0
1111111100000000
0
1101111100000000
7
1101111100000000
7
1101111100000000
7
1101111100000000
7
1101110100000000
7
1111100100000000
6
1111100100000000
6
0011100100000000
8
0011100100000010
5
0011100100000010
0
1001100010000000
2
0001100011100000
1
0001101111000100
8
0001101111100100
8
0000101100100100
7
0001101100100100
7
0001101100000100
6
0001101100000000
3
0011101100000100
6
0011101100000100
6
0011101100000000
4
0011101110000000
8
0111101100000000
2
0111101100000000
2
0111110110000000
8
0111110100000000
8
0111111100000010
4
1111110100000000
1
1111111100000000
0
1111111100000000
0
1111111100000000
0
0111111100000000
4
1110111110000000
7
0111110110010000
8
0110110100010010
7
0110110100000010
5
0010110100010000
7
1010110100010000
7
1010110100000000
3
1010110100000000
3
1011110100000000
5
1011110100000000
8
1011111100000000
8
1011111100000000
8
1011111100000000
8
1011111100000000
8
1011011100000000
6
1111011100000000
6
1011011100000000
8
1011011100000000
0
1001100010000000
2
0001101010100000
1
0001101111100101
8
0000101011100101
8
0000101000010101
7
0000101000110001
7
1000101010000101
7
0010101010010101
8
0010101000010100
7
0010101100010101
7
1010101001000101
8
0010101001000101
8
0010101000010101
7
0010101001000101
8
0010101000000101
6
0010101000000100
6
0011101000000001
5
1111101000000001
5
1111101000000000
2
1111101000000000
1
1111101100000000
2
1111100100000000
1
1111111100000000
0
1111111100000000
0
1111111100000000
0
1111110100000000
5
1111111100000000
0
1111101100000000
2
1011111100000100
4
1011101100000100
6
1011101100000000
8
1011111100000000
8
1011111100000000
8
1011111100000000
8
1011111100000000
8
1011101100000000
6
1110101000000000
7
1110101000000100
6
1110101000000001
5
1110111000000001
0
1001100010000000
2
0001110011000000
8
0001110010100000
8
0001110001100000
8
0000110000100000
7
0000110000100000
7
0000110100000000
3
1000111100000000
3
1011111101000000
8
1011111101000000
8
1011111100000000
4
1011111100000000
4
1111111000000000
5
1111111100000000
4
1111111100000000
0
1111111100000000
2
1111111100000000
0
1111111100000000
0
1111111100000000
0
1111111100000000
0
1111111100000000
0
1111111100000000
0
1111101100000000
2
1111101100000000
2
1111111100000000
0
1111111100000000
0
1111111100000000
0
1111111100000000
0
1011111100000000
8
1011111100000000
8
1011111100000000
0
1011110100000000
8
1110110100000000
7
1111110000000000
5
1111110100000000
5
1111110100000000
5
1111110100000000
5
1111110100000000
5
1111110100000000
5
1111100100000000
0
1001100010000000
2
0001100000100001
7
0001100000000001
3
0001101000000001
3
0111101000000001
5
0111101000000100
6
0111101000000001
5
0111101000000001
5
0111101000000100
6
0101101000000100
6
0101101000000000
2
0101101100000000
3
0111101100000100
6
1111101100000100
6
1111101100000000
2
1111101100000000
2
1111111100000000
0
1111111100000000
0
1111111100000000
0
1111111100000000
0
1111111100000000
0
1111111100000000
0
0111111100000000
4
0111111000000000
4
1111111000000000
1
1110111000000000
3
1111111000000000
1
1111111100000000
0
1111111000000000
5
1111111000000000
5
1111111000000000
5
1111111000000000
5
1011111000000000
8
1011111001000000
8
1011111000000000
8
1011101000000001
5
1011101000000001
5
1011101000000001
5
1011101000000000
8
1111101000000000
0
1001100010000000
2
0101100111100000
1
0001101111100000
8
0001101111100000
8
0001101100100000
7
0001101110100100
8
0001101100100100
7
0001101101100100
8
0001101100100100
7
1101101100100100
7
1101101100100000
7
1101101100100000
7
1001101100000100
6
1001101100000100
6
1001101100000000
3
1011101100000000
2
1011111100000000
4
1111111100000000
0
1111111100000000
0
1111111100000000
0
1111111100000000
0
1111111100000000
0
1101110100000000
3
1101110100000000
1
1111111100000010
0
1111100100000000
1
1111101100000000
2
1111101100000000
2
1111111100000000
0
0110111100000000
3
0111111100000000
8
0111111100000000
8
0111111100000000
8
0111111100000000
8
0111110100000000
8
0111110100000000
8
0111111100000000
8
0101111100000000
8
0101111100000000
7
1101111110000000
0
1001100010000000
2
1101101101100001
2
1001110001100001
5
1001110001100011
8
0001110001100011
8
1001110000100011
7
1101010000000010
5
1101010100000011
2
1111110100000010
5
1111110100000010
5
1111110100000000
1
1110110100000000
3
1011110100000000
1
1011110100000000
1
1010111100000000
3
1110111100000000
3
1111111100000000
0
1111101100000000
2
1111111100000000
0
0111111100000000
4
0111101000000000
2
0111101000000000
2
0011111000000000
4
1011111100000000
4
1111111100000000
0
1110111100000000
3
1111111100000000
0
1111111100000000
0
1111011100000000
2
1111011100000000
2
1111111100000000
0
1111111100000000
0
1111011100000000
6
1111011100000000
6
1111011100000000
6
1111011100000000
6
1111011100000000
6
1111011100000000
6
1111011000000000
5
1110011000000000
0
1001100010000000
2
0001101110100110
8
0001100110100110
8
0101100100100110
7
0101100100000110
6
0101100100000100
6
0101100100000010
3
0101100010000010
8
0101100100000011
3
0101100000000011
3
0111100010000011
8
0101110010000011
8
0101110000100001
7
0101110010000001
8
0101110000100011
7
0101110000100011
7
0101110000000011
5
0101110000000000
3
0111010010000000
8
0111010010000000
8
0111010000000000
1
0111010000000000
1
0111011100000010
2
1111111100000010
0
1111110100000000
0
1111110100000000
5
1111110100000000
1
1110111000000010
3
1111100000000011
5
1111110000000011
5
1111110000000000
5
1111110000000000
5
1111110100000000
5
1111110100000000
5
1111110100000000
5
1111110100000000
5
1111110000000000
5
1111111000000001
5
1111111000000000
5
1111110000000000
0
1001100010000000
2
0101100001000001
2
0101110001100001
5
0001111001100011
8
0001110000100011
7
0001110010100000
8
0001110000100000
7
0001110000100000
7
0001110000000000
3
0101110000000000
3
0111010000000000
1
0111010000000000
1
0111011100000000
2
0111111110000000
8
0111111100000000
4
0111111100000000
4
1111111110000000
3
0111111100000000
4
1111111100000000
0
1111111100000000
0
1111111100000000
0
1111011100000000
2
1111111100000000
0
1111111100000000
0
1111111100000000
0
1111011100000000
2
1111011100000000
2
1111011100000000
2
1011111100000000
8
1011111100000000
0
1011111100000000
8
1111111100000000
0
1111110100000000
5
1111110100000000
5
1011110100000000
8
1111110100000000
5
1111110100000000
5
1101110100000000
7
1101110100000000
5
1100111100000000
0
1001100010000000
2
0001101101100000
8
0001101100100000
7
0001101100100100
7
1001101100000100
6
1001101100100000
7
1001101100000100
6
1001100000000100
6
1101100100000011
2
1101100000000110
6
0001100000000011
3
0001100000000011
3
0011100000000011
5
0011100000000011
5
0011100000000010
5
0011110010000111
8
0001100000000101
3
0011100000000111
6
0011100000000111
6
1111100010000111
6
0111100010000011
8
0111100010000010
5
0111000000000000
1
0011000000000000
1
0000001100000000
3
1100001111000000
2
0100111111110000
7
0000111111110000
8
0000111100110000
7
0000111100110000
7
1000111101000000
8
1000111101010000
8
1000111000010000
7
1000111100110000
7
1000111100010000
7
1100111101110000
7
0100111101000000
7
0000111100110000
7
0000111100000000
7
0000111100000000
0
1001100010000000
2
