184
208.25
190.75
281.5
265
150.25
226.75
221.75
250.75
231.5
172.75
194.5
235.5
226.25
206.75
167.75
169
206.5
256.25
248.75
261
324.75
209.5
214.5
225.5
177.75
235.75
284.25
147
212.75
187.75
133.25
201.75
261.5
172
240.5
227.75
220.25
187.75
183.25
226.75
229.75
226.5
223
171.5
181.75
195.5
217
253.75
232.25
236.75
287.5
195.25
224.25
209.25
229.5
281.5
213.75
195.25
165.75
232.25
301.5
199.5
199.5
218.5
197.25
182.25
188.5
245.25
214.25
249.5
188.5
175.5
181
211.5
209.25
154.5
201
247.75
211.25
209.75
215.25
212.25
238.5
189
247.25
259.75
250
205.25
223
219.5
213
230.75
212.75
228.75
269.75
210.5
213.5
232.25
186
