-953.29
-803.64
-939.42
-805.2
-997.17
-766.24
-946.66
-759.53
-908.38
-853.1
-954.12
-920.3
-970.41
-725.44
-970.1
-846.44
-882.28
-1028.7
-783.27
-737.98
-935.81
-973.87
-869.45
-949.33
-885.03
-920.07
-784.3
-901.4
-719.78
-870.69
-876.58
-832.52
-763.88
-939.12
-699.22
-865.17
-934.28
-954.8
-964.74
-718.82
-769.21
-834.69
-689.18
-766.75
-645.22
-852.13
-965.96
-753.52
-613.82
-841.52
-713.81
-633.26
-622.82
-921.04
-851.42
-853.74
-472.63
-848.13
-971.57
-896.78
-978.17
-948.38
-961.88
-902.42
-779.94
-1076.81
-791.12
-916.72
-692.51
-430.38
-943.61
-878.82
-681.06
-877.15
-577.99
-534.82
-954.86
-470.81
-449.22
-686.85
-685.42
-773.43
-920.71
-844.6
-702.75
-944.46
-933.43
-934.55
-563.77
-788.42
-857.27
-868.4
-1087.44
-738.76
-676.87
-934.31
-987.43
-961.06
-728.62
-375.39
