-157.72
-139.11
-121.77
-160.26
-105.93
-226.98
-62.24
-104.04
-143.27
-121.04
-196.4
-219.22
-156.57
-107.3
-89.09
-102.12
-61.2
-86.93
-89.83
-113.28
-281.41
-53.44
-157.74
-189.6
-267.24
-127.99
-57.14
-330.13
-54.93
-105.12
-104.32
-75.24
-113.8
-103.62
-95.49
-90.1
-141.48
-82.21
-152.21
-47.18
-184.84
-298.81
-190.41
-87.91
-134.62
-214.11
-74.14
-137.4
-95.46
-130.39
-91.86
-149.85
-155.81
-78.89
-283.25
-105.46
-304.81
-367.14
-119.79
-370.95
-116.26
-121.86
-102.74
-163.61
-93.27
-137.47
-175.63
-92.84
-311.29
-189.62
-66.83
-199.31
-66.93
-252.29
-167.31
-98.09
-307.25
-76.08
-60.72
-101.2
-213.61
-265.82
-125.73
-69.72
-84.42
-95.91
-131.99
-65.15
-277.98
-77.31
-373.71
-90.32
-90.28
-99.53
-106.55
-103.97
-168.29
-109.05
-204.64
-199.91
