366.75
396
275
348
469.5
280.25
283.25
348.5
367.75
352.5
339
302.5
364.75
291
393
317
342.75
334.75
320.75
392.75
390.5
385.5
384.75
323
373.5
403.5
300.5
322.5
306.75
370.25
322.5
374.25
327.75
422.75
354.5
407
282.75
471.75
369.75
388.5
360.5
268.5
413.25
433.5
388
386.5
342.75
310.75
348.5
329.75
421.5
338.5
410.5
309.75
424.75
315.5
315.5
405.75
368
353
313.5
337.25
435.5
302.75
255
297
309.75
361.75
299.75
422
439
343.75
331
328.5
338.5
303.75
353.5
266.75
389.75
318.75
333.5
329.5
319.75
308
316.5
310.75
415.75
365.5
357.5
284.75
346.75
297
365
380.75
344.25
329.25
371.5
411.5
314
342.75
