-4085
-285
-380
-230
-155
-220
-160
-185
-225
-2875
-315
-260
-2285
-5365
-150
-375
-3915
-240
-155
-340
-1275
-1300
-145
-190
-3580
-225
-710
-105
-295
-135
-205
-410
-1790
-330
-7260
-260
-6935
-1930
-320
-180
-370
-1980
-690
-235
-400
-240
-125
-115
-155
-165
-385
-135
-5195
-290
-5045
-290
-2885
-240
-9840
-115
-4065
-2855
-140
-60
-8060
-165
-160
-455
-1970
-415
-7535
-425
-3805
-3910
-120
-465
-3090
-6385
-325
-595
-205
-3230
-305
-220
-2645
-220
-210
-110
-405
-410
-505
-190
-3970
-3645
-125
-2520
-320
-300
-6080
-2265
