-104.25
-106.75
-93
-97
-68
-97
-101.25
-85.5
-95
-67
-81
-67.5
-105.75
-52.5
-69.75
-81.5
-78.25
-125.25
-108.25
-74.25
-75.5
-97
-60
-116.75
-74.75
-96.25
-60
-53
-90.75
-53
-58
-108.25
-46.25
-95.75
-104.75
-121
-39
-70.25
-77
-55.75
-59
-100.5
-82.5
-119.5
-119.5
-98.5
-61
-63
-104
-84.75
-85
-86
-70.5
-89.75
-89.25
-61.5
-81.5
-116
-113
-89.75
-41.75
-57.25
-75.75
-74.75
-75.25
-81.75
-89
-97
-105.75
-78
-105.25
-98.5
-76.75
-47
-100.5
-87
-53.75
-81.25
-85.75
-79
-82.75
-111.25
-77.5
-88.25
-82.25
-80.5
-78.25
-84.25
-52.75
-71.75
-75.75
-71
-102.25
-93.25
-79.25
-87
-78.5
-93.25
-72.5
-92.25
