-62.66
-183.39
-141.88
-115.86
-217.35
-56.55
-105.53
-158.31
-140.42
-77.3
-91.38
-84.49
-98.64
-259.46
-105.72
-168.09
-118.67
-114.79
-133.33
-119.33
-130.51
-98.75
-54.55
-157.11
-111.06
-119.92
-248.2
-122.92
-79.13
-85.01
-499.54
-138.72
-109.38
-133.67
-85.12
-75.95
-120.03
-91.75
-95.01
-92.59
-126.81
-66.44
-131.59
-73.46
-88.4
-79.15
-134.48
-70.03
-89.8
-125.81
-101.25
-124.48
-258.13
-220.68
-82.12
-96.55
-144.26
-56.41
-145.68
-65.99
-86.55
-217.76
-78.9
-107.88
-76.1
-161.25
-232.33
-109.68
-65.51
-125.14
-121.75
-240.89
-77.62
-101.44
-100.04
-243.67
-179.18
-118.7
-39.38
-159.02
-95.09
-86.44
-118.67
-102.06
-80.48
-110.74
-115.88
-82.46
-193.39
-280.22
-208.58
-119.08
-50.19
-76.57
-108.02
-91.48
-128.88
-139.18
-134.28
-98.57
