-11475
-6180
-11545
-7730
-9590
-15715
-11435
-12490
-15640
-8265
-8710
-1950
-16425
-7940
-10135
-12960
-13225
-4480
-11645
-7795
-11680
-10525
-13050
-12035
-9755
-15535
-12140
-10430
-12215
-15700
-12680
-8895
-12975
-6980
-12340
-15580
-8605
-16085
-10290
-13745
-9570
-10560
-3780
-13855
-14375
-14020
-3030
-13745
-15450
-10945
-13210
-12660
-9270
-10010
-10855
-3925
-15950
-10670
-10845
-15055
-12295
-13350
-10110
-12815
-12535
-15175
-11940
-6765
-13980
-13655
-12310
-6440
-8095
-12035
-12380
-8125
-12975
-11345
-3825
-9215
-4645
-9990
-4635
-14785
-9640
-4880
-12760
-12535
-10225
-15850
-12890
-7195
-15465
-10880
-10515
-14865
-13560
-11905
-13915
-7865
