-2970
-1350
-6665
-4280
-7335
-6415
-9830
-7375
-7300
-7240
-8620
-2130
-10990
-14780
-1240
-2150
-9570
-7490
-11765
-3390
-3550
-4460
-6275
-10390
-5205
-2685
-12690
-9935
-6040
-6455
-6695
-1830
-8470
-7285
-350
-3430
-9210
-7750
-12545
-8945
-775
-18115
-4355
-7775
-9505
-10700
-9955
-12890
-11205
-17055
-8175
-7710
-13600
-9965
-13025
-6935
-11060
-1675
-7740
-790
-13830
-11195
-7730
-12635
-6290
-15530
-8630
-8970
-2835
-1910
-8280
-6125
-5280
-4890
-7820
-8470
-11315
-2075
-3200
-8890
-6730
-4500
-7915
-8965
-6710
-9380
-11965
-4290
-5430
-7515
-8470
-6335
-635
-4630
-11010
-18280
-305
-8215
-10545
-3450
