-28220
-19920
-21165
-28025
-28970
-20115
-21520
-17535
-20745
-28065
-19255
-23050
-32830
-20400
-18900
-23450
-33195
-17260
-25835
-29905
-18570
-17525
-29150
-12080
-27960
-17125
-25960
-18200
-18470
-16685
-23655
-28125
-26975
-17325
-17395
-29235
-22060
-30185
-25015
-33020
-28300
-23255
-20225
-19295
-17845
-34025
-25305
-17090
-24335
-20270
-25440
-30675
-20950
-27810
-22840
-18635
-17640
-17530
-17245
-32135
-15820
-20575
-29990
-24150
-17540
-24380
-21785
-15995
-15660
-34405
-34530
-23360
-15590
-12765
-15485
-23250
-26940
-18620
-15115
-20380
-18520
-18495
-16555
-25095
-30505
-17780
-21995
-16145
-20175
-18660
-23310
-25585
-13140
-22805
-24610
-23910
-18970
-20230
-19485
-25370
