-4375
-6110
-4305
-4395
-4225
-7895
-4495
-7025
-7105
-4200
-4310
-4365
-14775
-6575
-4515
-6680
-4305
-4280
-4440
-5855
-6335
-8155
-7915
-4440
-4430
-4245
-4460
-11165
-9205
-7390
-14835
-4345
-4205
-8115
-4250
-4335
-4540
-4240
-4230
-10360
-4465
-13035
-5620
-4410
-14270
-4385
-10590
-4340
-4470
-10515
-4225
-5435
-7955
-6510
-4400
-14345
-4335
-7955
-4260
-4320
-8260
-4445
-4480
-8305
-11940
-7885
-4480
-4395
-8875
-4290
-4220
-4210
-6280
-4535
-7920
-4315
-8055
-11550
-4450
-7960
-8170
-14265
-8175
-8285
-4290
-14290
-6335
-7695
-4350
-7590
-8095
-4360
-18085
-8210
-4630
-14730
-4860
-13365
-4315
-4310
