357.75
321
294
251
316.5
431.25
348.25
307.5
332.75
402.5
213
291.5
349.75
276
254
294
438.75
356.75
306.75
394.75
290.5
350.5
315.75
325
323.5
315.5
421.5
304.5
272.75
320.25
363.5
363.25
321.75
276.75
319.5
286
327.75
279.75
287.75
290.5
351.5
305.5
366.25
365.5
291
331.5
326.75
325.75
262.5
363.75
329.5
371.5
323.5
347.75
265.75
363.5
395.5
245.75
363
358
336.5
301.25
308.5
262.75
283
363
373.75
315.75
345.75
210
426
380.75
290
319.5
399.5
339.75
303.5
225.75
362.75
385.75
253.5
335.5
292.75
242
364.5
328.75
298.75
339.5
334.5
309.75
267.75
342
294
333.75
271.25
408.25
255.5
352.5
279
307.75
