685.75
549.75
572.75
673.75
848.75
571.75
503.75
584.75
534.75
567.75
597.75
464.75
571.75
538.75
503.75
675.75
504.75
415.75
591.75
516.75
730.75
556.75
647.75
506.75
657.75
541.75
650.75
611.75
526.75
579.75
582.75
465.75
642.75
772.75
592.75
515.75
493.75
530.75
561.75
660.75
578.75
626.75
620.75
491.75
476.75
545.75
638.75
619.75
542.75
586.75
510.75
520.75
533.75
501.75
588.75
539.75
912.75
494.75
484.75
480.75
558.75
537.75
561.75
473.75
502.75
660.75
952.75
608.75
609.75
565.75
625.75
635.75
609.75
618.75
576.75
528.75
556.75
619.75
534.75
513.75
626.75
597.75
504.75
555.75
479.75
615.75
587.75
704.75
617.75
608.75
483.75
539.75
599.75
586.75
535.75
642.75
548.75
516.75
733.75
554.75
