100000101
6
001110000
6
010111000
0
111111010
6
101100101
5
010100010
2
000110010
8
000010110
8
010100011
5
001111000
6
011011011
5
111110011
6
001100101
6
000100010
8
010001000
4
000000010
4
011001010
5
010001001
2
000011010
6
000111011
5
011111101
8
110100101
5
110110010
6
110101010
1
110101001
1
110100011
1
110101010
1
110111011
5
111010101
6
110100010
5
110010000
2
110110000
4
110011010
6
111101011
5
101011111
5
000010101
6
000110010
8
010100100
8
010110011
0
100100111
0
100000101
6
000110010
8
010110110
6
010001110
5
000101010
6
010110110
6
110101110
6
110101110
6
011100110
7
011101100
3
011101011
5
011110011
0
111100111
5
110011110
6
101101110
5
000111110
5
010101101
5
010101000
6
010100000
2
010000010
5
000000000
2
000000010
6
010100010
8
010110000
2
111110011
6
100100111
5
000110111
5
001111111
5
001110111
5
010110001
0
110111010
0
100000111
5
000110010
8
010110110
5
110011110
0
111101110
5
101011001
5
011111011
8
111010110
0
111000011
0
100000101
2
000010010
2
000000010
3
000000010
5
000110000
5
000000000
6
010010000
4
000001000
8
000100100
4
000001001
8
011000000
7
001000000
2
100000000
5
001010100
4
000011000
1
001000001
3
000000100
5
110010000
2
010100000
6
100100000
2
000000010
5
000010001
5
000010000
2
000000010
9
000010010
5
010011000
6
011111000
5
101111110
2
100000111
5
000111010
0
010111011
0
111100101
1
110101011
0
110101011
0
110101000
5
110110001
1
111101011
5
111111111
5
101010101
0
010100010
0
100000101
4
000111001
6
011111110
5
100010001
6
010100000
4
000001000
6
000101000
8
010001000
6
000110000
9
100110000
2
100110110
5
110010110
6
010101110
7
011101100
3
000101100
6
001010011
6
001110111
5
010110101
2
110100110
5
111011110
6
101001111
9
010101011
9
110101111
5
110111100
5
101011110
5
011011110
6
011100111
5
000110110
8
010100110
5
100110100
0
110110110
5
110011101
5
111010001
5
111111000
5
001111010
8
010111111
6
011100111
5
000110110
8
010110111
0
110000101
0
100000101
8
010010000
7
001000000
9
101100000
6
010111010
0
111101111
5
101001111
9
110101010
1
110001011
9
110101001
1
100100011
5
000110010
8
010110110
6
110101000
5
111110100
5
100011111
5
010010111
5
000010111
0
101111111
5
110001111
5
010011011
5
011110011
0
111100111
5
111010110
6
111111110
5
101111101
5
111111101
5
111110101
5
101010100
2
010110010
0
100111110
5
100001101
5
000010010
5
000011010
6
000011011
8
010011111
5
010011111
5
011010111
5
001010101
0
000011011
0
100000101
2
000010001
7
001000000
2
000001010
5
100010000
1
000000001
5
000010000
5
001010000
5
000010001
5
000010000
9
100000000
1
000000111
6
000110010
8
010110110
5
010011110
6
011111111
5
101010101
5
011101010
3
011111110
5
101010101
5
000111010
0
011111101
2
101110110
5
110011110
6
111101111
5
101011101
2
001101011
5
010011111
5
011000101
5
001011001
0
011011011
5
011100011
5
000111010
0
010111111
6
111100101
1
010101011
9
110001011
5
010111011
0
111100101
0
100101010
0
100000101
6
000010000
8
010110000
2
010110110
6
110101100
5
111010010
5
111010000
0
111111000
5
100000101
6
111010000
0
111111001
5
111100001
5
110101000
5
110100110
5
110110110
6
010001110
5
000110110
8
110110110
6
110001100
5
110101000
5
111100001
2
010101010
5
010101010
5
010101010
5
010101111
5
010100101
5
001100110
5
000110010
8
010110110
6
110001011
9
110101111
5
110111101
8
101001101
5
010000010
5
001010010
8
100011000
6
010010001
8
000111010
0
010111111
6
111100100
5
110010000
2
110110000
2
010110000
2
110110100
5
110000111
5
000001011
6
001011110
0
011101111
0
100000101
2
010000010
8
001000100
6
000100011
6
001000010
9
110000000
9
000000000
3
001000010
8
000101011
5
000011011
6
010001011
5
001001010
8
000011001
6
000111011
5
110101111
5
110001101
5
010111010
0
111101111
5
101000101
3
010001000
7
010000000
9
100110000
2
110100010
5
111111100
5
101011100
5
001101010
5
010001010
8
011011000
6
001011100
6
011111010
0
101000111
5
100111010
8
110100111
5
110010110
5
110011100
6
111101110
5
101101110
5
000101110
5
000100010
0
000000000
0
100000101
8
110010000
2
110110010
6
110001110
5
010000010
8
000000100
5
000000001
5
000011000
5
100010000
9
101000000
1
001000000
2
000000010
2
000100011
6
000110010
8
010100110
5
000110110
8
010110111
5
111010001
5
111110001
5
101111010
8
111101101
5
101111000
5
101110011
5
100110111
5
111010101
6
101000011
5
000011000
6
010000000
2
100010000
6
000100000
6
000000001
5
010010010
8
011111000
5
101101000
6
000100000
9
100000001
2
000000010
5
000000001
5
001110101
0
010100110
0
100000101
6
000010000
4
000000010
9
100010010
2
000111010
0
110011101
5
111011001
5
101110001
5
100100010
9
100110000
2
100100001
2
001000011
8
010011000
6
010111110
6
111111101
5
111000001
5
010011001
0
011011011
5
011100011
5
010100111
5
000111110
5
011111000
5
101111010
0
101111101
5
101111101
5
100100111
5
000100010
6
100100010
8
010110100
0
110110100
5
101000110
5
000110000
2
000000001
2
000000010
6
001100000
2
000000000
8
010000000
5
000010001
5
011000000
0
000000100
0
100000101
6
100110100
0
110100110
5
110011110
6
110101111
5
100011101
5
000011011
6
000011011
6
001110111
5
010100111
5
100101111
5
010111101
0
110111100
5
101011100
5
001110010
0
010111110
6
111000100
5
110100000
2
110110110
6
110111110
8
111000101
5
010001000
3
000010000
4
000111100
4
010111100
2
101101110
5
000011110
0
000111111
5
010111101
0
111101110
5
101010110
5
010001100
2
000011000
4
000000100
4
000001001
6
000100100
8
010010001
2
000011000
5
110000000
0
000001000
0
100000101
8
010010000
5
010010000
3
010000100
6
001100011
5
000010010
8
010000000
2
000100010
7
100000000
3
000000100
5
010010100
9
100110000
2
111110011
6
011000111
5
001110010
0
011110110
6
111010111
6
001000111
5
000010010
5
000100000
2
000000110
2
000010010
9
010000000
5
000010000
1
100000001
4
000001000
2
000000011
6
000100000
3
001000000
5
010100000
5
000000010
5
000010000
1
001100001
6
000100100
5
100010100
2
000110010
8
010110111
5
110010111
5
000000110
0
000010000
0
100000101
8
010010100
8
000101110
5
000111110
2
010101101
5
011101000
5
011011000
6
111011000
5
111010000
0
101111000
5
101111010
0
101101111
5
010111101
0
101101101
5
010011000
6
011111000
5
101101110
5
000011101
2
000011001
6
000111011
5
011111001
5
101010001
6
010011100
0
011111001
5
100110001
4
100110010
0
110100111
5
110011110
0
111000111
5
110010010
2
110011011
6
111100011
5
110100010
5
111110100
5
101010100
2
110110010
5
100011110
6
010101111
5
010011111
0
001000101
0
100000101
2
010110110
6
110100111
6
011110110
6
101100100
5
011110000
0
111101000
5
111100010
2
111101110
5
110011110
6
111011111
5
101010101
5
010101010
5
011111010
0
101100111
7
011101110
0
011101110
0
011100100
5
010110000
2
111110011
6
101100111
7
001100110
5
000100110
8
000110110
8
001110110
7
011101110
0
011001110
3
011000010
8
010111010
0
111000101
5
010111000
0
111111010
6
010100111
5
100111101
2
110101111
5
110010101
5
110011010
6
111101010
5
101111010
0
101101111
0
100000101
6
000110000
4
000101100
6
100110010
0
110110011
6
011100101
5
010111010
0
111110111
5
101010001
6
010111001
2
111111000
5
011011010
5
011100011
5
010110010
0
110101101
2
110101010
1
110101011
0
101101011
5
110111011
5
101010101
5
001111010
8
001101111
5
011101111
5
011100001
5
010011100
0
011111010
0
001100111
5
000111110
5
011111111
5
101010101
5
010101011
9
110101111
5
110011111
6
111100101
1
111111010
6
100100101
5
000110010
4
000111110
5
000111101
0
010101101
0
100000101
6
000110000
3
000000000
8
111000000
6
010110000
2
110110010
6
110101110
6
010011110
6
011101111
5
011110100
0
111101110
5
111010110
6
011101110
0
011101111
5
010110000
2
100110010
0
110110111
5
101010101
5
010101010
5
011001110
3
011101000
5
011001000
6
011111000
5
100111010
8
110101111
5
110001101
5
010111010
0
100101011
9
110111011
5
101110101
2
101101001
5
000011010
6
001111011
5
001111101
2
001101110
5
011111110
5
101010101
5
011111010
0
101101111
0
000111101
0
100000101
2
000010010
8
000010000
5
000010010
4
000001000
5
000010000
9
100000000
8
010100000
5
001000000
8
010100000
6
000110010
8
011100100
5
010111000
0
111111011
5
101010101
5
010111010
0
111101111
5
111010101
6
111101010
5
101011000
8
001110100
4
000111110
5
010111101
0
011101001
5
001111010
8
001001111
5
000010011
6
000101011
5
000010011
6
000101011
5
000011011
6
000111011
5
000111001
6
010111001
2
111101001
5
101111100
5
101111100
8
101111100
5
101101110
0
100001110
0
100000101
4
000001000
6
000100000
1
000001001
7
001000000
2
100010011
8
010111011
0
111100001
5
110101100
5
111110010
5
110110110
6
111101110
5
101101110
5
000111110
5
010111111
6
111101101
5
001111000
6
001110100
4
000110110
8
010100110
5
000111110
5
011111100
8
111101100
5
001110010
0
010111010
0
111101111
5
111011101
5
101010001
6
010111000
0
100111000
4
100111010
8
110100111
5
100011100
4
010110011
4
110101101
2
110101010
5
110110110
5
110111010
0
101000101
0
100001000
0
100000101
2
000010010
6
000100010
1
000000001
6
100100001
6
000110000
9
100100000
5
100010000
5
010011000
6
000110100
8
010100100
2
110100010
5
100111000
4
110111010
6
101001111
9
111101011
5
101010010
2
011111010
0
101100110
5
010110010
0
010100110
5
000110111
5
000000101
5
100001000
4
000001000
1
001001000
2
000010010
5
000010001
8
110000000
8
010000100
4
000011010
6
000111011
5
010111101
0
001100111
5
100100110
5
000110110
4
100101100
5
010101010
5
010111010
0
111101101
0
100000101
6
000010000
2
000100010
7
001000000
8
010000000
6
001100000
5
000011000
5
100010000
6
000100001
7
101100000
6
010100001
6
100111100
5
100111100
5
100111100
5
110100101
5
111110010
5
001110110
7
011101110
0
111101111
5
000110101
2
000010110
8
011110100
0
111101010
5
101111010
0
001101111
5
010111111
6
011100101
5
011101010
3
001111110
2
001101111
5
010111101
0
111100101
1
010100011
5
000111011
5
010111101
0
111101101
5
101111000
5
100111011
5
101111101
0
101101101
0
100000101
2
000010011
6
010011011
5
111010011
6
011100011
5
010110010
0
010111100
2
111101100
5
101111110
2
111001101
3
011101100
3
011101110
0
011101110
0
000101110
5
000110010
8
010110010
0
010111110
6
111101111
5
101000101
5
000010000
3
000000100
4
000001100
1
010000001
2
000000000
2
010000011
2
010011000
6
100010000
2
000011010
6
000111011
5
010111110
0
111001101
3
011101110
0
001100110
5
010110110
5
111001110
6
011001010
5
011001100
5
000011011
6
000011111
0
010101001
0
100000101
2
010110010
0
110101110
6
110111110
2
101001110
5
010111010
0
111101111
5
101111111
5
101000101
4
010001000
4
000001001
2
000000010
4
000110000
3
000000100
6
011100000
6
010110000
2
110110010
6
110101111
5
110111101
8
111001100
5
011111111
5
001010101
6
001111011
5
010111101
0
111101101
5
001111000
6
001111110
2
101101110
5
000101010
6
000111010
0
010111101
0
101111101
5
101111001
8
111101010
5
101110010
8
110101010
1
110100011
5
010111011
0
111100101
0
110100010
0
100000101
6
000110010
8
011000110
5
010111001
2
011101011
5
101110011
5
110110111
5
110000101
5
000110000
5
000010100
8
110000000
8
010000010
2
000010010
6
000100000
3
010010100
8
010111010
0
011111110
5
000010101
6
000110010
8
010110010
0
110111110
2
101001111
9
110101011
0
110111011
5
111010111
5
110000111
5
000001100
4
011111000
5
101111011
2
101100011
5
010101010
5
011111010
0
101100011
5
011101010
3
011101100
3
001101110
7
001101110
5
011111010
0
101110101
0
101111100
0
100000101
6
001110100
4
010111100
2
101101010
5
000110010
8
010010110
6
000111101
5
000111101
5
010111101
0
111100101
1
110111011
5
101010101
5
010111010
0
111101111
5
101010101
5
111011010
5
111011111
5
111010101
6
111100011
5
010110010
0
111101100
5
111111010
6
101100010
5
011110010
4
111100110
5
110101110
5
110011010
6
111101000
5
101111010
0
111101111
5
101010100
4
010110000
2
110110010
5
000011110
0
000101111
5
000110001
6
100100010
8
010110000
2
110110010
0
110001110
0
100000101
6
001111000
6
001111011
5
001111101
2
001101111
5
010111001
2
111101001
8
111101000
5
101111000
5
101000010
6
100110010
0
110110110
6
110101110
6
110100110
5
111010111
6
100000111
5
100111010
8
010101111
5
011111101
2
101101001
5
001001010
8
010111000
0
111111010
6
101100111
7
011101110
0
010100110
5
010111111
6
111110100
5
101011110
5
001001110
5
100111010
8
110100110
5
110010110
5
110001110
5
010011010
0
011111011
2
100100011
5
001110010
0
011110110
0
011000010
0
100000101
2
001000010
6
000100011
6
011010010
2
111100011
5
110110001
1
110101011
0
110101110
6
111100110
6
110101110
6
101101110
5
000101110
5
000010000
6
001100001
2
001010000
3
000101100
6
010011010
0
010011011
5
011110011
0
111100111
5
110011110
6
111001111
5
011000011
2
000000010
8
010001000
5
000100000
4
011001000
6
011111000
5
011111010
0
101100111
7
111100110
5
110000111
5
000011010
6
001001011
5
100001111
5
000110011
0
000011100
6
010110010
0
110111110
0
111001011
0
100000101
6
000110100
8
100110110
5
110010110
6
110111110
8
101001101
5
010101011
9
110100011
1
010101011
9
110111011
5
101010101
5
010111010
0
111101111
5
100010001
2
010010100
8
010110000
2
110110000
2
110111010
6
101101111
5
111110101
5
101000100
2
000110010
8
011110110
6
111100111
5
110010110
5
111011010
5
101010001
6
010011100
0
011111011
8
111101100
5
101111110
2
101001111
9
111101011
5
100100011
5
000110010
8
010110110
5
111101110
5
111011110
6
101000111
0
000101010
0
100000101
6
000110010
8
100110110
5
110001010
5
010111000
0
111111010
6
111010111
6
110100111
6
110101110
6
110100110
5
111010010
5
111010100
5
111011000
5
101111000
5
101101010
5
100111011
2
100111011
2
100101111
5
010111101
0
111101101
5
011110000
0
111111000
5
111110110
5
101000110
5
000100010
2
001000010
8
101010000
6
010110110
5
110011111
6
111100101
1
110101011
0
110101010
1
110101011
0
110101011
0
110100001
5
110010001
2
010111010
0
111110111
5
101010101
0
010101010
0
100000101
6
010110001
0
110111000
8
111100010
5
011111000
5
101011010
8
011011101
5
011110001
4
111101010
5
101111010
0
101111011
8
111110101
5
111010100
5
111111100
5
101011100
5
001110010
0
010111110
6
111101100
5
111111010
6
101100111
7
011101111
5
011110101
5
011110100
0
111101110
5
101111110
2
101001111
9
110101111
5
110011100
6
101101010
5
000110010
8
011110100
0
111101110
5
000011110
0
000111011
5
010111101
0
111100100
5
110100100
5
100110001
4
110111010
0
101101111
0
100000101
6
000010101
6
010010010
8
000110010
8
010010110
6
000110111
5
100111000
8
110111110
8
101001101
5
010010010
2
010111010
0
111101111
5
101010101
5
010111010
0
101100111
7
010101110
7
001100100
2
001010010
8
001011000
6
010110000
2
110110000
2
110110011
6
111110111
5
101010100
2
010110010
0
011111110
5
101110101
8
110101100
5
110110011
6
111100111
5
110000110
6
000100100
5
000010001
5
010011000
6
011101001
5
011001010
5
011011001
5
001010011
6
000010001
0
000000000
0
100000101
2
000010010
9
001000101
2
000010010
6
000100010
5
000010000
8
010000000
3
010000100
5
000110011
0
010111111
6
111100100
5
110110100
5
110111110
2
101011011
5
001110011
4
110101111
5
010011101
2
011101011
5
011110110
6
111100110
5
111011011
5
101110111
5
100001101
5
110000010
9
100110100
0
110111110
2
101011111
5
001010111
5
010110111
5
111011001
5
101110011
5
100100101
5
001110010
0
010111101
0
111101100
5
001111010
8
011101111
5
111110001
5
101111010
0
101100111
0
100000101
6
010101000
6
000110011
0
000111111
5
010111101
0
111101101
5
101111100
8
111101101
5
101111000
5
101111010
0
100101111
5
010111111
6
101101101
5
000111000
6
010110011
4
100100110
5
000110110
8
010000110
8
010110010
0
110101110
6
111101110
5
001010110
8
010001110
5
001010010
2
110011110
0
111001110
5
001011010
0
001011011
5
011000011
5
110010000
2
110010010
2
110011010
6
101101011
5
001110010
0
011111100
8
111100100
5
101110000
2
000100000
5
000010000
0
000000100
0
100000101
6
000010000
9
101100100
5
010110010
0
110111110
8
111101101
5
101111010
0
100101111
5
010111011
0
111101101
5
101101000
4
000011000
7
001000000
3
000010101
6
000110010
8
111111110
5
101010101
5
010110010
0
110101110
6
010100010
8
010110000
2
110111010
6
101101111
5
000101101
7
000000100
8
011000000
6
000101100
6
100111010
8
110111111
5
101110101
2
100101110
5
010110100
0
110010110
5
110101110
5
110011100
6
011111010
0
101100110
5
010110001
0
010111010
0
111101111
0
100000101
6
000110011
0
000111111
5
110011101
5
111011000
5
101111000
5
101100010
5
110111000
5
101111110
2
101111111
5
101011101
2
011001011
5
011010011
5
001010011
6
000110111
5
011111101
8
111111101
5
101010101
5
010111010
0
111111110
5
101010101
5
010111010
0
101100011
5
010111010
0
110111101
2
101000111
5
000110010
8
010100110
5
000100100
3
000010100
4
000001000
7
001000000
8
000000000
6
000101000
6
000101010
6
000110010
4
000111110
5
010110101
2
110111111
0
101000111
0
100000101
6
000110010
8
000111110
2
011101111
5
011110111
6
110100101
5
110111010
6
101111111
5
101000101
3
000001100
2
100000010
2
000000010
2
000110010
8
010110111
5
100010001
6
000110001
6
001110110
7
010101110
7
011101010
3
011111000
5
111111010
6
101100111
7
001101110
7
011101101
5
011111010
0
100110011
0
100101111
5
010111101
0
111101101
5
101111000
5
101111010
0
111111111
5
111010110
6
111101110
5
101011110
6
001000111
5
100011010
0
010111011
0
111100100
0
110101000
0
100000101
6
000110000
8
000000100
2
000001011
6
000111010
0
010111111
6
111101100
8
111011010
5
101010011
5
000010011
6
011111011
8
111100101
1
110100011
1
110001001
5
010011010
0
111111101
5
101000001
2
000010110
8
000110110
8
010110110
6
010100110
5
000111110
5
011111101
2
101000111
5
000111010
0
110110101
5
110011111
6
111100001
5
110111010
0
101001111
5
010111011
0
110100101
5
100110010
0
110111100
5
101111001
8
110101101
5
110110000
2
110110010
5
110011110
0
101001011
0
100000101
6
000110010
8
010000110
2
000110010
8
010110110
6
111101010
8
111101010
5
111101011
5
101110011
5
100110111
5
111101001
5
101110010
8
110101110
6
010101110
7
111100110
6
110101110
6
110010111
6
110110111
5
110010001
2
110111010
6
101101110
5
000111110
5
010111011
0
111100100
5
100111000
4
100101000
6
010110001
0
110111010
0
100001110
5
100111111
5
100011111
5
010011101
2
001101010
5
010011010
0
011111011
8
111101101
5
101111000
5
101101010
5
000111010
0
010111111
0
100000101
2
000010010
8
010000011
8
011011000
6
011111010
0
100000111
5
010111010
0
111101111
5
111010110
6
100100010
2
000110010
8
000110110
8
111110111
5
101011101
8
111101001
5
101111010
8
111000101
5
001111000
6
001110010
0
110111110
8
011111101
2
101000100
6
000110100
8
000110010
8
010111101
0
111101101
5
101111110
2
111011001
5
101110011
5
101110101
2
100101110
5
010110110
5
110011110
0
111001111
5
010010011
9
010110001
0
110010010
1
110011001
0
111101011
0
101100011
0
100000101
8
110010010
6
110111000
8
101101000
4
000001000
2
000000010
8
010000000
1
000000001
6
000100010
4
000001010
5
010010000
2
000010010
5
000011000
9
100001000
6
001101000
6
110000000
2
000000110
5
000110000
7
001000010
8
110001000
6
000110000
4
000001000
4
000011011
6
001100011
5
000011010
6
100111010
8
110101111
5
111011010
5
001001010
2
100010010
8
010110000
2
110001010
5
000011000
1
000010001
6
010100100
2
010110000
2
100110010
0
111010100
5
110011010
0
111001011
0
100000101
6
010110101
2
110001100
5
011000000
8
010000000
5
000010010
9
100000001
9
100000101
6
000110000
6
000100100
6
000101011
5
000001011
6
000111011
5
010101101
5
010011000
6
001110001
6
110111010
6
101100100
5
010010000
8
010100000
8
010000001
9
100101000
6
000100101
6
000110010
4
000111010
0
010111111
6
111100101
1
100111011
2
100101111
5
010011101
2
011101111
5
011110001
4
111001010
5
011011000
6
011111100
8
111101100
5
001111000
6
001110010
0
100111110
0
101011101
0
100000101
2
100000010
2
000000010
1
000010101
6
100110010
0
110111110
8
101001101
5
010011010
0
001111011
5
001111101
2
001111111
5
001110111
5
010010101
8
010111010
0
111101111
5
101011101
8
010100001
6
100010000
9
101000100
6
000110000
4
000001000
2
000000000
5
000010100
1
000100001
5
000000000
2
100100011
5
010110010
0
010011111
5
011111111
5
101000100
2
000010010
6
000100010
5
000001000
2
000000110
7
100000110
8
010010000
8
010000001
2
000000010
5
000010000
0
100001000
0
100000101
8
010010000
5
000001110
6
000010110
8
000010010
9
100001001
4
000011000
5
010011000
6
011101000
5
011011000
6
011111011
8
101100100
5
111111000
5
101111010
0
110101111
5
110011101
5
111010001
5
111110000
5
101111000
5
011111110
5
101010101
5
011111011
2
101101111
5
000111100
4
010111100
2
111100100
5
111100000
5
110111000
5
101110010
8
001101110
7
011011110
6
110110111
5
110110100
5
110010110
5
111011111
5
101010001
2
010111010
0
111101111
5
101001110
0
010101010
0
100000101
6
000110000
6
000000000
2
010000010
5
010010001
2
000010010
5
001000000
6
001101000
6
000110000
4
001000100
6
011100000
6
000110000
8
110000000
2
001000010
4
000001100
8
010000000
2
000001001
2
000010010
6
000100000
4
100000101
6
010110010
0
110011110
6
111001111
5
011001011
5
011010011
5
010110010
0
110101100
5
111110111
5
101100101
5
010100010
2
100110010
0
110110110
5
010001110
5
010111010
0
111101011
5
101100011
5
010101010
5
011101000
5
011001000
6
011010000
6
011010001
6
011011100
3
011110010
4
111100110
6
110001110
5
010001111
5
100101011
9
010101111
5
010111101
0
110011101
5
111101011
5
101100011
5
110101010
1
100001010
6
001010100
2
000010001
2
000010001
5
011000000
0
000100010
0
100000101
2
000010010
5
011101000
5
000111001
6
111011001
5
101110011
5
110100111
6
011101110
0
001111111
5
001110101
5
010001100
6
000011100
6
000100010
8
011000000
2
000000100
1
100000100
5
000010000
7
001000000
6
101000000
1
010000000
7
010000100
2
100000001
4
000001000
6
000100100
2
100000101
4
000110000
5
000010000
1
010000001
2
000000010
8
010000000
2
000000010
2
000010010
5
010110000
2
110110010
5
110011110
0
111001111
5
011000011
5
000100000
5
000100001
0
001000100
0
100000101
2
010011110
6
011101111
5
011100101
5
110111010
6
101001111
9
010111011
0
111110001
5
001110000
6
110110000
2
111110000
5
001101000
6
010110001
0
110111010
6
101001111
9
010111001
2
011011011
5
001110011
4
100101111
5
010111110
6
111101101
5
110111000
5
101111010
0
111001111
5
001010011
6
000111010
0
010110111
5
110000101
2
000100110
4
110111110
8
100001110
5
010111010
0
111111011
5
101100100
5
010110010
0
100000101
6
010010010
2
010111000
0
111011001
5
101111111
5
101000111
5
101010010
2
010111010
0
111111111
5
100010111
5
001001111
5
101101111
5
000101101
6
100010000
1
000010000
1
000110010
8
000110111
5
000101101
3
000001000
5
010000000
4
001000001
5
000000001
7
000010100
6
000110000
7
000000100
8
010001000
5
010000001
1
110010100
6
110010001
2
110111000
5
101110010
8
101101111
5
001101101
5
110001100
5
011101001
5
011011110
4
011000111
5
010100101
5
101100101
0
010101010
0
100000101
6
000110000
8
001000100
7
000100000
4
000000010
6
000101000
9
001100010
6
001010001
2
000011001
6
000111011
5
011100001
5
110001000
6
110110000
2
010010010
2
000111110
5
110101000
5
110010000
2
110110010
6
110001110
5
010001010
2
011001100
5
111001010
5
011110000
0
111111001
5
111100000
5
110100000
2
101110100
5
101110110
5
000011111
5
001111100
2
001101110
7
001100100
6
000101000
1
000000001
6
000100010
8
010000000
6
000100100
8
110000000
5
000110000
0
000000100
0
100000101
2
000010000
5
000010000
2
000000100
9
100000001
3
000000100
2
000000001
3
000000100
5
010011001
6
001111011
5
001100101
5
000011010
6
001111011
5
001010100
6
000110000
8
000010100
2
000010010
5
000010000
2
000001110
6
000111010
0
010111110
6
111101001
5
101111010
0
101001110
5
110111000
5
001101010
5
010011010
0
011101011
5
011111000
5
100111000
1
001110011
4
110111111
5
101010001
6
010011011
5
001110011
4
110111111
5
101010101
5
010111010
0
111100111
0
110001110
0
100000101
8
000010000
4
000001000
9
000000000
8
000000000
5
000010000
5
000010010
4
000001000
4
000001000
5
000000000
3
000110001
6
000010010
4
000001000
5
010010000
5
000010000
7
001010000
5
000010000
5
010010000
1
000000001
4
000000000
5
000010100
4
000001000
4
010001000
8
000000100
9
110000000
5
000110000
9
100010000
5
000000000
9
100001000
9
001000101
2
011010000
6
011111000
5
111111011
5
101011101
2
001101010
5
000011010
6
000111011
5
100111101
5
110101101
0
100101000
0
100000101
2
000010010
6
001101001
5
010011010
0
011111011
8
110100101
5
110100010
5
100110010
0
110110110
6
010101110
7
011111110
5
101000101
7
101000000
4
100001000
4
010001001
8
010001001
2
100011010
0
010111011
0
111100111
5
110010100
6
010110000
2
000111000
6
010110010
0
110011110
6
111100111
5
111000110
5
010001000
5
000011010
6
000111011
5
010101101
5
011111010
0
101100110
5
011110110
6
111001110
5
011011010
5
011110011
0
110100111
5
110001111
5
010101011
0
010101011
0
100000101
6
000110000
8
010000000
5
000110000
6
001100000
8
010100000
4
010001000
7
001100000
8
100100000
6
000100000
9
100000000
7
000001100
4
100001001
6
010011100
0
011011010
5
011101110
0
011101110
0
011101110
0
011111100
8
101101100
5
001011010
0
011011001
5
011010011
5
011110011
0
111100111
5
111010110
6
111100111
5
110101100
5
111100010
5
111110000
5
101011000
2
001111010
8
011111111
5
101010101
5
110111010
0
001001111
5
000001011
6
001110011
4
000101111
0
000011101
0
100000101
6
010111000
0
111101011
5
101001011
5
011001101
6
011100011
5
100110000
2
110100000
2
110110010
6
110101110
6
110111110
8
101001101
5
000110010
8
010110100
0
111100110
5
110011110
6
101101111
5
100111111
5
101011101
2
001001111
5
100011011
9
110100011
1
110101110
5
010000110
8
111110001
5
101110010
8
110101110
5
110001110
5
010011010
0
011111010
0
101100110
5
000011111
5
000111101
5
110111101
2
101011111
5
001010001
6
001011000
6
011111000
5
111101011
0
111100011
0
100000101
8
010110110
6
010101110
7
001101110
7
010101110
7
001101110
7
010101110
7
010101110
7
011101110
0
011101110
0
011101110
0
011100110
7
110101110
6
110101110
6
110111101
2
001001101
5
000010110
8
010100110
5
010100110
5
001100110
5
000110110
8
000100110
4
000111110
5
010001111
5
101101010
5
100111010
8
110011111
6
111001101
3
010111110
6
111111101
5
101010111
6
011000101
5
001011100
6
000111010
0
010111111
6
111100100
5
010010100
2
000110110
8
010110110
0
110001110
0
100000101
4
000111000
6
010010010
2
000110010
8
000110111
5
000111100
2
000111010
0
010111111
6
111010100
5
111011010
5
101000011
6
000101000
6
000100000
8
010000000
9
010010100
2
000110010
8
010110110
6
111101010
5
101110010
8
110101110
5
110111110
2
101001001
5
011001001
5
011111000
5
001110000
6
000010000
6
000100000
8
010000000
9
100000000
8
010010010
8
010111000
0
101011110
5
001011111
5
011000101
6
000101000
4
000011100
6
000100010
5
000010000
5
101001000
0
010010000
0
100000101
6
000111000
6
010110000
2
100011000
6
000000000
5
001110001
6
000111011
5
011101001
5
010010010
8
010111010
0
110101111
5
110001101
5
011111011
8
111100111
5
101010110
5
110011110
6
111101111
5
101010101
5
010101011
9
101001011
5
010010001
2
010011010
0
111110110
5
111000110
5
110011000
0
111111001
5
101110001
5
110111010
0
101001111
9
111101011
5
101100011
5
010101010
5
010101010
5
011101010
5
011110011
0
011110111
6
001000101
6
000110010
8
010110111
0
111000011
0
100000101
2
010010000
3
000010001
4
110001000
6
010110001
0
110101010
1
110100011
1
110111011
5
101010111
6
010100011
5
000110011
0
000111111
5
011101101
5
011111000
5
101111010
0
111101111
5
101011101
2
001001011
5
001011011
5
011010011
5
011100111
5
010110110
5
100011110
6
010101111
5
010111001
2
011101111
5
010111000
0
111111011
5
101010101
5
110011110
0
111001111
5
011010011
5
111111011
5
010010101
8
010111011
0
111100101
5
110111010
0
110001110
5
010010010
0
000111000
0
100000101
6
100110010
0
111110011
6
001000011
2
110010000
2
110110110
6
111101110
5
101011110
5
011111111
5
101010101
5
010111010
0
111101101
5
101111000
5
101111010
0
100101111
5
010111111
6
111101101
5
101111000
5
101111010
0
101101111
5
000111101
5
011110101
5
111110110
5
101010110
5
010110011
4
110101001
1
110101011
0
110101010
1
010101011
9
010100111
5
000111110
5
010111101
0
111101101
5
101111000
5
101111010
0
101101111
5
000111111
5
010110101
2
101111110
0
101001101
0
100000101
6
000110100
8
010110110
6
110111110
8
111101101
5
111111000
5
101101011
5
110101101
5
111111000
5
101101010
5
000111110
5
010111101
0
110101101
5
110111110
8
111001101
3
100101111
5
010101101
5
010111000
0
111111011
5
101010101
5
110101000
5
110110000
2
110110010
5
100000111
5
000010010
6
000000001
8
010100000
5
010111000
0
110101010
1
110101001
1
110101011
0
110101011
0
111101011
5
101100011
5
010000011
6
000111000
6
010100010
8
010111100
2
110101111
0
110011100
0
100000101
6
010110000
2
110110010
6
110101100
5
010110010
0
100101010
5
010110010
0
100111110
5
010001111
5
010111001
2
111111011
5
101010101
5
011111011
8
111100101
1
110101011
0
110111000
5
101111011
8
111100101
1
110101001
1
110100001
5
110111101
8
111001101
3
011000110
5
001111001
5
001011001
0
011001010
5
011011100
3
000100110
8
010101010
5
010110000
2
110010110
5
110011110
0
101011111
5
001000101
2
000010010
6
001100000
8
110000000
5
100010001
6
000110000
0
000000000
0
100000101
6
000110000
5
000010000
5
010010000
6
000100001
8
010010001
8
010011000
6
001111001
5
001101001
5
010011010
0
011110010
4
111101110
5
001010100
6
001110000
6
010100001
6
000110000
2
000100010
3
001000100
2
000011110
0
001111111
5
001110101
5
010111101
0
110101100
5
110110010
5
110011110
6
111001101
3
011101110
0
011101110
0
011101110
0
001111111
5
001110101
5
010101111
5
010110101
2
110100100
5
111100000
5
110110011
5
110110101
5
100111110
5
110111101
0
101011101
0
100000101
2
010010010
8
010111100
2
111101000
5
110011001
0
111101111
5
101010111
6
010100111
5
000011110
0
000110111
5
000010101
6
000010001
9
110100100
5
110111100
5
101001100
5
010010000
2
000000001
5
000010001
6
000100001
6
000100001
8
010001000
4
000001000
4
100001000
1
000000001
2
010001011
5
000011011
6
100111010
8
110101111
5
110011101
5
110011001
0
100000101
6
000110000
8
000000000
5
100111000
8
110111011
5
101010101
5
011101111
5
011111101
8
111101101
5
101101101
5
000111000
6
110110010
6
110001100
5
010110000
2
110010011
6
100100111
5
000100110
8
000111100
4
010101100
5
011100110
7
011111110
5
001000001
5
100110000
2
110111110
2
001001111
5
000011010
6
001111111
5
001111101
2
001101111
5
111001111
5
011011011
5
100000101
6
110001111
5
010100101
5
000110010
8
110110110
6
110101010
1
111101011
5
110101111
5
111011101
5
101010111
6
101110010
8
110101110
6
111101110
5
011101111
5
011110101
2
111110000
5
100101000
6
010110000
2
110110010
5
110010111
6
010110111
5
110011101
5
110110001
1
100111010
8
