446.75
431.75
480.75
460.75
510.75
458.75
518.75
559.75
530.75
446.75
427.75
750.75
617.75
515.75
389.75
504.75
529.75
444.75
539.75
387.75
455.75
359.75
503.75
490.75
417.75
491.75
440.75
528.75
445.75
529.75
531.75
526.75
633.75
555.75
391.75
561.75
612.75
670.75
528.75
453.75
454.75
532.75
615.75
542.75
535.75
489.75
431.75
446.75
457.75
434.75
487.75
443.75
655.75
372.75
611.5
715.75
585.75
639.75
510.75
491.75
460.75
513.75
499.75
475.75
594.75
534.75
358.75
407.75
454.75
612.75
641.75
450.75
494.75
508.75
721.75
567.75
465.75
597.75
445.75
408.75
473.75
559.75
446.75
505.75
461.75
509.75
447.75
490.75
403.75
519.75
450.75
420.75
435.75
781.75
492.75
489.75
524.75
531.75
439.75
381.75
