343.25
310
293.25
328.5
323
227
356.5
329.25
197.75
310.25
165
338
333.5
267.25
210
213.5
353.25
282.5
329.75
312.25
357.5
360.25
365.75
268.75
300.25
359.5
313
371.5
191.5
362.75
316.75
324.5
333.25
326.25
300.75
278
216.25
350
302.75
296
312.5
280.75
332
373.75
295.5
367
329.5
260.5
289.5
362.5
367.75
298.75
266.25
272.25
275.75
356.75
319.25
264.25
380.75
314
336
272.75
342.25
232.25
236.75
259.25
251.25
327.75
195.75
259.5
352.5
294.5
354.25
219.75
335
348.5
281.75
239
224.25
299.5
293
351.75
326.5
303.5
312.25
215.75
249.25
297.5
357.5
356.5
355.75
303
340.75
211.25
285
362
271.25
361.75
351.75
346
