-141
-166
-164
-73
-65.5
-120.25
-115.75
-76
-144.25
-83.5
-135.25
-94.75
-156.5
-49
-80
-61.25
-74
-75
-106.75
-95.25
-141
-136.25
-76
-65
-132.25
-119.5
-75
-77
-140.25
-169.75
-186.5
-143.75
-117.25
-69
-248.5
-64
-68
-138.75
-88.75
-73.75
-77
-116.75
-78.25
-76
-220.75
-104
-62
-135
-75
-74.25
-79
-71
-106.5
-89
-77.25
-144.75
-179
-139
-75
-128.25
-152.75
-69.75
-71
-87.75
-163.5
-77
-112.25
-59.25
-84.25
-66.25
-119.5
-72
-99.5
-74
-77
-156.5
-96.5
-78.75
-61
-139
-97.5
-69
-73
-70
-77
-84.5
-121.75
-139.75
-106
-152.5
-75
-52
-120
-108.25
-74
-79.5
-231.5
-173.5
-68
-72
