-75
-64.75
-104.25
-148.75
-127.5
-78
-74
-93
-69
-164.75
-83
-71.25
-103
-186.5
-99
-113
-176.25
-155
-102
-102
-97.5
-87
-104
-189.5
-74
-111.25
-82
-113
-127.5
-95
-163
-105
-88
-152.75
-154.5
-115.25
-135.5
-86.25
-99.75
-155.75
-86.75
-122.75
-145.75
-177.25
-131.75
-149
-183
-69.5
-175
-81.25
-104
-194.5
-77
-118
-118
-96
-127.75
-124.5
-115
-33
-91.5
-70
-121.25
-83
-98
-102.25
-120.25
-81
-145.25
-89
-82
-103.75
-53
-77
-111
-118
-130.75
-104.5
-156.75
-125
-120
-186.75
-145.25
-177.25
-90
-124
-80
-121.5
-114
-125.75
-114
-177.5
-82.75
-58
-199
-74
-64
-115.75
-111
-121
