100000001001
1
010001000001
0
111000000000
4
101000000000
3
000100000000
4
000010000000
4
000100000000
3
000000100000
3
000100000001
3
011000000001
4
111000000000
4
100000001001
1
010001000000
3
100000100000
3
000000010000
4
000000010001
4
110000000000
0
010000000001
0
110000000001
0
110000000000
0
100000000000
0
000000000000
0
000000000000
0
000000000000
0
100000001001
1
010001000000
3
100000100000
3
000001000001
0
010001000000
3
100000100000
3
000000010000
4
010000000010
0
100000001001
1
010001000000
3
100001000000
3
000000100001
3
010100000000
3
100100000000
0
110000000001
0
110000000001
0
110000000000
0
100000001001
1
010001000001
0
110001000000
3
100000100000
3
000000010000
4
100000001001
1
010001000001
0
110001000001
0
110001000000
3
100000001001
1
010001000000
3
100000100000
3
000000010000
4
000000000010
0
000000000010
0
000000000010
0
000000000011
0
010000000011
0
110000000010
0
100000000011
0
010000000010
0
100000000010
0
000000000010
0
000000000010
0
000000000011
0
010000000011
0
110000000011
0
110000000011
0
110000000010
0
100000000010
0
000000000010
0
000000000011
0
010000000010
0
100000000011
0
010000000010
0
100000000010
0
000000000010
0
000000000010
0
000000000010
0
000000000011
0
010000000010
0
100000000011
0
010000000010
0
100000000010
0
000000000010
0
100000001001
1
010001000000
3
100000100001
3
010000010000
4
100000001001
1
010001000000
3
100000100000
3
000000010000
4
100000001001
1
010001000000
3
100000100000
3
000000010000
4
100000001001
1
010001000000
3
100000100001
3
010000010000
4
100000001001
1
010001000000
3
100000100001
3
010000010000
4
100000001001
1
010001000001
0
110001000000
3
100000100000
3
000000010000
4
110000000011
0
110000000010
0
100000000010
0
100000001001
1
010001000000
3
100000100000
3
000000010000
4
100000001001
1
010001000000
3
100000100000
3
100000001001
1
111000000001
4
111000000000
4
100000001001
1
010001000000
3
100000100001
3
100000001001
1
010001000000
3
100000100001
3
010001000000
3
100000001000
1
000000001000
1
000000001000
1
000001000000
3
000000100000
3
000000010001
4
010010000000
4
100000001001
1
111000000000
4
101000000000
3
000100000000
3
000010000001
4
010010000000
4
100000010000
4
100000001001
1
010000001001
1
110001000000
3
101000000000
3
000100000000
3
000010000000
4
000000010000
4
100000001001
1
010000001000
1
100001000000
3
000000001000
1
011000000000
4
100000001001
1
010000000100
3
100000001001
1
110001000000
3
101000000000
3
000100000000
3
000100000000
3
000010000000
4
000000010000
4
100000001001
1
110001000000
3
100000001000
1
000001000000
3
000000100001
3
010000000100
3
100000000100
3
100000001001
1
010001000000
3
100000100000
3
000100000000
4
000000100000
3
000100000000
3
000100000001
3
010010000001
4
110010000000
4
100010000000
4
000000010000
4
000000010001
4
100000001001
1
010000001000
1
100001000000
3
000000100000
3
000000010000
4
100000001001
1
010000000100
3
100000001001
1
010001000000
3
100000100000
3
000000010000
4
100000001001
1
010000001001
1
110001000000
3
101000000001
3
010100000001
3
110010000000
4
100000010000
4
000010000000
4
000000010000
4
100000001001
1
010000001001
1
110001000000
3
100000100000
3
000000010000
4
100000001001
1
010001000000
3
100000100000
3
010001000000
3
100000100000
3
000000010000
4
000000100000
3
000000010001
4
100000001001
1
100000001001
1
100000001001
1
111000000000
4
100000001001
1
010000001000
1
110000001000
1
100001000000
3
000000001000
1
100000001001
1
010000001001
1
110001000000
3
100000100000
3
000100000000
3
000100000001
3
010010000001
4
100000001001
1
110001000000
3
100000100000
3
100000001001
1
110001000000
3
100001000000
3
000000001001
1
010000001000
1
100000001000
1
000001000000
3
000000100000
3
000000010000
4
000010000000
4
000100000001
3
011000000000
4
100000001001
1
010001000000
3
101000000001
3
011000000001
4
110001000000
3
101000000000
3
000100000000
3
000000100001
3
010000000100
3
100000001001
1
100000001001
1
010000001000
1
011000000000
4
100001000000
3
000000100000
3
000000010001
4
100000001001
1
010000001000
1
100001000000
3
000000001000
1
000001000000
3
001000000001
3
010100000000
4
100000100000
3
000001000000
3
001000000000
3
001000000000
3
000100000000
3
000010000001
4
010000010000
4
100000001001
1
010000000100
3
100000001000
1
010001000000
3
101000000000
3
000100000001
3
010100000000
3
100010000000
4
000000010000
4
100000001001
1
110001000000
3
100000100000
3
100000001001
1
010001000000
3
100000100000
3
000100000001
3
010010000000
4
100010000001
4
010010000001
4
100000001001
1
111000000000
4
101000000000
3
000100000000
3
000010000000
4
000100000000
3
000000100001
3
010100000000
3
101000000001
3
011000000001
4
100000001001
1
010000000100
3
100000001000
1
000000000100
3
000000001001
1
010000001000
1
100001000000
3
000000100000
3
000000000100
3
100000001001
1
010000001000
1
100000001000
1
010000001000
1
100001000000
3
000000100001
3
010000010001
4
100000001001
1
010000001000
1
100000001001
1
010000001001
1
110000001000
1
100001000000
3
110000001001
1
110000001000
1
100000000100
3
000000001000
1
000000001000
1
000001000000
3
000000001000
1
000000001000
1
100000001001
1
010001000000
3
100000100000
3
000001000000
3
000000001000
1
000001000000
3
000000001001
1
010000000100
3
100000001001
1
100000001001
1
010000001000
1
100000001001
1
010000001000
1
100000001000
1
000000000100
3
000000001000
1
000000001001
1
010000000100
3
100000001001
1
010000000100
3
100000100001
3
100000001001
1
010000001000
1
100001000000
3
000000100001
3
010000000100
3
100000100000
3
000100000000
4
000100000001
3
011000000001
4
100000001001
1
010000001000
1
100000001000
1
100000001001
1
010000001000
1
100000001001
1
010000001000
1
100000001000
1
000000001001
1
010000000100
3
