-934.19
-1056.77
-1032.31
-1029.83
-798
-770.09
-936.21
-858.29
-1090.98
-840.02
-634.08
-991.91
-531.16
-860.94
-405.57
-993.55
-1123.9
-1124.99
-1079.62
-737.6
-1097.46
-520.02
-1098.04
-787.79
-1169.6
-1116.89
-1180.26
-652.03
-1122.59
-1075.27
-926.44
-1028.88
-621.03
-971.53
-1134.61
-1189.77
-983.8
-1141.79
-891.83
-670.71
-1029.41
-1013.28
-1026.97
-1006.84
-1001
-1102.09
-991.72
-1006.87
-1128.43
-1057.03
-1075.68
-838.16
-865.04
-1014.99
-1145.45
-904.61
-1102.38
-1108
-652.98
-1076.39
-784.38
-594.28
-1034.33
-699.7
-1042.03
-956.32
-855.98
-980.88
-1034.09
-802.46
-1098.61
-1008.21
-723.91
-1177.61
-766.96
-606.16
-793.16
-1118.05
-896.37
-1166.04
-1093.94
-986.69
-1038.84
-289.62
-623.81
-828.99
-1024.86
-1235.19
-886.27
-1066.07
-677.91
-1052.63
-877.41
-581.94
-747.58
-841.87
-647.94
-718.69
-973.04
-979.81
