-150
-95
-95
-250
-80
-110
-120
-2000
-115
-140
-110
-4070
-110
-9355
-4010
-410
-130
-95
-120
-4085
-100
-125
-120
-75
-110
-100
-11180
-120
-120
-115
-140
-90
-5915
-10240
-115
-165
-4120
-11410
-6705
-125
-145
-3040
-155
-80
-125
-100
-2185
-95
-135
-115
-120
-4035
-90
-220
-105
-130
-105
-90
-115
-135
-110
-120
-3735
-115
-120
-115
-95
-90
-3905
-95
-8625
-85
-125
-125
-7075
-145
-7480
-125
-5490
-85
-880
-12370
-95
-150
-115
-2495
-100
-125
-2560
-3910
-7705
-135
-8025
-125
-90
-90
-115
-110
-95
-4115
