-20.5
-126.75
-3
-44
-65.5
-86
-78.75
-63
-109.75
-52.75
-55.25
-59
-54.25
-25
-51
-43.25
-72
-71
-80.25
-35.25
-125
-115.5
-70.25
-70
-42.5
-100.5
-70
-72
-31
-73
-45
-65.75
-98.25
-41
-122.75
-25
-54
-123.75
-22.5
-75.75
-58
-88.75
-51
-54
-181
-90
-33
-110
-36
-70.25
-73
-39
-44.5
-86
-69.25
-123
-91.75
0
-62
-106
-105
-49
-50
-50.75
-114.25
-59
-145
-56.5
-41
-70.25
-76.5
-48
-37.75
-65
-41
-99.25
-77
-64.75
-45
-13
-60.75
-53
-34
-54
-34
-53.75
-84.5
-111
-71
-86.5
-39
-62
-104.5
-111.25
-54
-66.5
-52
-39.75
-48
-73
