-210
-216
-207
-208
-214
-212
-206
-200
-200
-200
-209
-200
-200
-216
-203
-216
-205
-214
-210
-200
-211
-212
-208
-200
-218
-215
-200
-200
-212
-211
-220
-221
-200
-208
-206
-206
-213
-204
-205
-205
-215
-210
-216
-214
-216
-209
-218
-212
-214
-213
-218
-209
-209
-213
-204
-215
-206
-205
-209
-206
-204
-212
-203
-205
-209
-205
-223
-206
-206
-205
-209
-210
-204
-206
-204
-208
-209
-207
-217
-223
-205
-206
-210
-211
-204
-204
-210
-209
-216
-209
-204
-206
-207
-206
-209
-208
-214
-205
-213
-207
