00000000000000000100000010000001
8
01010000100000010100000010000001
8
01010000100000010100000000000001
15
01010000100000010000000000000001
1
01010000100100010000000000000001
1
01010000100100010000000000000000
0
01010000100100010000000000000000
0
01010000100100010000000000000000
0
01010000100100010000000000000000
0
01010010100100010000000000000000
0
01010010100100010000000000000000
6
01010010100100010000010000000000
11
01010110100100010000000000000000
23
01010110110100010000000000000000
32
11010110110100010000000000000000
22
11010110111100010000000000000000
0
11010110111100010000000000000000
0
11010110111100010000000000000000
0
11010110111100010000000000000000
0
11010110111100010000000000000000
0
11010110111100010000000000000000
0
00000000000000000100000010000001
8
01010000100000010100100010000001
8
01011000100000010100100101000001
7
01011001110000010100110100010001
5
01011101110100010100110100110001
6
01011101111100010100111100010001
1
01011111111100010100111100010000
5
01011111111100010100111100000000
11
00000000000000000100000010000001
8
01010000100000010100000010000001
8
01010000100000010100000000000001
15
01010000100000010000000000000001
1
01010000100100010000000000000001
1
01010000100100010000000000000000
23
01010000110100010000000000000000
0
01010000110100010000000000000000
0
01010000110100010000000000000000
0
01010010110100010000000000000000
0
01010010110100010000000000000000
22
01010010111100010000000000000000
32
11010010111100010000000000000000
0
11010010111100010000000000000000
27
11010110111100010000000000000000
0
11010110111100010000000000000000
0
11010110111100010000000000000000
0
11010110111100010000000000000000
0
11010110111100010000000000000000
0
11010110111100010000000000000000
0
11010110111100010000000000000000
0
11010110111100010000000000000000
0
11010110111100010000000000000000
0
11010110111100010000000000000000
0
11010110111100010000000000000000
0
11010110111100010000000000000000
0
11010110111100010000000000000000
0
11010110111100010000000000000000
0
11010110111100010000000000000000
0
11010110111100010000000000000000
0
11010110111100010000000000000000
0
11010110111100010000000000000000
0
11010110111100010000000000000000
0
11010110111100010000000000000000
0
11010110111100010000000000000000
0
11010110111100010000000000000000
0
11010110111100010000000000000000
0
11010110111100010000000000000000
0
11010110111100010000000000000000
0
11010110111100010000000000000000
0
00000000000000000100000010000001
8
01000000100000010100000000000001
15
01000000100000010100000000000001
15
01000000100000010100000000000001
1
01000000100000010100000000000000
15
01000000100000010000000000000000
5
01000000100000010000000000000000
0
01000000100000010000000000000000
0
01000000100000010000000000000000
0
01000000100000010000000000100000
6
01000000101000010000000100000000
9
01000001101000010000000000000000
0
01000001101000010000000000000000
0
01000001101000010000000000000000
0
01000001101000010000000000000000
27
01000001101000010000000000000000
0
01000001101000010000000000000000
0
01010001101000010000000000000000
0
01010001101000010000000000000000
0
01010001101000010000000000000000
0
01010001101000010000000000000000
0
01010001101000010000000000000000
0
01010001101000010000000000000000
0
01010001101000010000000000000000
0
01010001101000010000010000000000
11
01010101101000010000010000000000
11
01010101101000010000000000000000
23
01010101111000010000000000000000
0
01010101111000010000000000000000
0
01010101111000010000000000000000
0
01010101111000010000000000000000
0
01010101111000010000000000000000
0
01010101111000010000000000000000
0
01010101111000010000000000000000
0
01010101111000010000000000000000
0
01010101111000010000000000000000
0
01010101111000010000000000000000
0
01010101111000010000000000000000
0
01010101111000010000000000000000
0
01010101111000010000000000000000
0
00000000000000000100000010000001
8
01000000100000010100000000000001
1
01000000100000010100011000000000
11
01000110100000010100001000000000
15
01000110100000010100000100000000
15
01000111100000010000000100000000
9
01000111100000010000000100000000
9
01000111100000010000000000000000
30
01000111100000010000000000000000
30
01100111100000010000000000000000
32
01100111100000010000000000000000
0
01100111100000010000000000000000
0
01100111100000010000000000000000
0
01100111100000010000000000000000
0
