-1312.73
-1212.62
-1276.55
-1170.18
-1223.41
-1270.95
-1255.02
-1215.5
-1207.18
-1259.62
-695.99
-1137.85
-1183.35
-1140.1
-1279.75
-1009.16
-1105.45
-1118.89
-1470.41
-1162.27
-1282.28
-1477.38
-1087.01
-975.26
-1236.05
-1337.35
-1329.17
-1327.47
-1091.87
-1313.51
-1312.12
-1426.18
-1302.25
-1281.66
-902.86
-1356.59
-1160.26
-1203.77
-1178.25
-1496.27
-1287.72
-1310.17
-1053.11
-1426.49
-1239.57
-1408.19
-1260.75
-1211.02
-1393.87
-1112.62
-1488.69
-1349.78
-1377.81
-1099.41
-1309.59
-1314.61
-1328.9
-1305.27
-1169.27
-1187.72
-1402.67
-1341.71
-1260.28
-1162.83
-1235.78
-1425.98
-1180.93
-1397.41
-1211.52
-1346.83
-1269.12
-1478.08
-1028.1
-1192.91
-1304.58
-1176.92
-1346.79
-1305.49
-1260.31
-1081.69
-1440.81
-1215.9
-1385.19
-1510.11
-1304.94
-836.82
-1334.1
-1128.8
-1092.53
-1263.8
-1271.25
-1298.47
-1386.95
-959.1
-1138
-1377.12
-1370.09
-1468.24
-1216.86
-1368.81
