-1127.89
-1569.69
-1355.8
-1359.6
-1279.96
-1407.18
-1605.57
-1104.03
-1313.1
-1329.05
-1274.12
-1603.67
-1252.77
-1165.18
-1513.92
-1462.23
-1252.42
-1086.34
-1387.78
-1094.24
-1268.13
-1357.85
-1095.04
-1537.11
-1055.79
-1176.4
-1473.6
-1115.87
-1369.75
-1142.86
-1059.59
-1433.63
-1365.64
-1332.95
-1144.09
-1404.93
-1177.74
-1313.66
-1494.11
-1592.84
-1556.31
-1486.46
-1187.57
-1185.03
-1009.56
-1353.2
-1176.49
-1418.16
-1381.84
-1301.35
-1355.15
-1135.1
-1333.6
-1425.8
-1516.12
-1183.26
-1198.49
-1243.46
-528.66
-1508.57
-1395.44
-1312.7
-1205.55
-947.42
-1109.13
-1356.16
-1587.48
-1298.85
-1332.31
-1300.07
-1092.38
-1622.22
-1406.07
-1023.28
-1233.13
-965.88
-1471.99
-1271.5
-1513.31
-1468.86
-1327.89
-1230.98
-1222.04
-1389.69
-957.92
-1586.38
-873.49
-1186.92
-1128.22
-862.46
-1502.38
-1780.71
-1640.51
-1277.92
-1303.94
-1152.1
-1398.31
-973.72
-1114.59
-1307.62
