-103.25
-76.25
-86.5
-119.25
-106.75
-96.75
-104.25
-99
-126
-90.25
-146.25
-39
-131.5
-114.25
-107.5
-84
-83.5
-101.25
-85
-88
-114.75
-123.5
-68.5
-114.75
-120.75
-71.25
-35.5
-125.75
-137.5
-105
-100
-91.25
-71
-120
-78.5
-77.5
-91
-114.25
-156.25
-136.25
-136
-145.25
-95.25
-142
-92.5
-95.5
-130.75
-120
-108.25
-136.5
-108.75
-82.75
-81
-118.75
-125.5
-85.75
-123
-159.75
-107.5
-119
-150.25
-71.5
-136.25
-109.25
-113
-83.75
-86.75
-149.25
-105
-120.75
-116.25
-169
-59
-149
-95.25
-81.75
-118.25
-120.5
-116.75
-136.25
-95.5
-135.25
-57.5
-108.25
-94.25
-125
-103.75
-125
-58.25
-134.75
-138.75
-84.5
-37.75
-60
-111.5
-113
-129.75
-137.25
-118
-135.25
