000000000001000000
7
001000000000000000
0
001000000000000000
11
001000010000000000
15
001100010000000000
10
001100011000000000
17
011100011000000000
18
111100011000000000
0
000000000001000000
7
001000000000000000
10
001000001000000000
11
001000011000000000
17
011000011000000000
15
011100011000000000
18
111100011000000000
0
000000000001000000
7
001100000000000000
11
001100010000000000
17
011100010000000000
10
011100011000000000
18
111100011000000000
0
000000000001000000
7
001000000000000000
0
001000000000000000
10
001000001000000000
11
001000011000000000
17
011000011000000000
15
011100011000000000
18
111100011000000000
0
000000000001000000
7
011000000001000000
7
011000000000010000
5
011010000000010000
5
011010000000010000
5
011010000000010000
5
011010000000010000
5
011010000000000000
0
011010000000000000
0
011010000000000000
0
011010000000000000
6
011010000000000000
0
011010000000000000
0
011010000000100000
6
011110000000100000
3
011110000000000000
0
011110001000000000
0
011110011000000000
0
011110011000000000
0
011110011000000000
0
011110011000000000
0
000000000001000000
7
011000000001000000
7
011000000001000000
7
011000000001000000
7
011000000000000000
11
011000010000000000
10
011000010000000000
15
011100010000000000
10
011100010000000000
10
011100010000000000
10
011100010000000000
10
011100010000000000
10
011100011000000000
18
111100011000000000
0
000000000001000000
7
001000000001000000
7
001000000000000000
0
001000000000000010
2
001000010000000000
15
001100010000000000
17
011100010000000000
10
011100011000000000
18
011100011000000000
18
011100011000000000
18
111100011000000000
0
000000000001000000
7
101000000001000000
7
101000000010000000
8
111000000010000000
8
111000000010000000
8
111000000010000000
8
111000000010000000
8
111000000000000000
11
111000000000000000
11
111000000000000000
11
111000000000000000
11
111000000000000000
11
111000010000000000
10
111000011000000000
15
111000011000000000
15
111000011000000000
15
111000011000000000
15
111000011000000000
15
111000011000000000
15
111100011000000000
0
000000000001000000
7
001000000001000000
7
001000000001000000
7
001000000001000000
7
001000000001000000
7
001000000000000000
0
001000000000000000
0
001000000000000000
0
001000000000000000
0
001000000000000000
0
001000000000000000
0
101000000000000000
11
101000010000000000
15
101000010000000000
17
111000010000000000
15
111100010000000000
10
111100011000000000
0
000000000001000000
7
001000000000000000
17
101000000000000000
11
101000010000000000
17
101000010000000000
15
101100010000000000
17
111100010000000000
10
111100010000000000
10
111100010000000000
10
111100011000000000
0
000000000001000000
7
001000010001001000
7
001001010000001000
4
001001010000001000
5
001001010000001000
4
001101010000011000
3
001111010000001000
0
001111010000001000
0
001111010000001000
0
000000000001000000
7
011000000001000000
7
011000000000000000
11
011000010000000000
15
011100010000000000
10
011100010000000000
10
011100011000000000
18
111100011000000000
0
000000000001000000
7
001000000000000000
11
001000010000000000
17
011000010000000000
10
000000000001000000
7
011000000001000000
7
011000000001000000
7
011000000000000000
11
011100000000000000
11
011100000000000000
11
011100000000000000
11
011100000000000000
11
011100000000000000
11
011100000000000000
11
011100000000000000
11
011100000000000000
11
011100000000000000
11
011100000000000000
11
011100000000000000
11
111100000000000000
11
111100001000000000
11
111100001000000010
2
111100011000000010
2
111100011000000010
2
111100011000000010
2
111100011000000010
2
111100011000000010
2
111100011000000010
2
111100011000000010
2
111100011000000010
2
111100011000000010
2
111100011000001010
2
111101011000001010
2
111101011000001010
2
111101011000001010
2
111101011000001010
2
111101011000001010
2
111101011000001010
2
111101011000001010
2
111101011000001010
2
111101011000001110
5
111101111000001110
5
111101111000001110
5
111101111000001110
0
000000000001000000
7
001000000001000000
7
001000000001000000
7
001000000000000000
0
001000000000000000
0
001000001100000000
9
101000001100000000
9
101000001000000000
11
101000001000000000
11
101000001000000000
11
101000001000000000
11
101000001000000000
11
101000001000000000
11
101000001000000000
11
111000001000000000
11
111000001000000000
11
111000001000000000
11
111000001000000000
11
111100001000000000
11
111100001000000000
11
111100001000000000
11
111100001000000000
11
111100001000000000
11
111100001000000000
11
111100001000000000
11
111100001000000000
11
111100001000000000
11
111100001000000000
11
111100001000000000
11
111100001000000000
0
111100001000000000
0
111100001000000000
0
111100001000000000
0
111100001000000000
0
111100001000000000
0
111100001000000000
0
111100001000000000
0
111100001000000000
0
111100001000000000
0
111100001000000000
0
000000000001000000
7
001000000001000000
7
001000000001000010
2
001000010001000010
2
001000010001000010
2
001100010001000010
2
001100010001000010
2
001100010001000010
2
001100010001000000
7
001100010001000000
7
101100010001000000
7
101100011001000000
7
101100011001001000
5
101101011001011000
3
101111011001011000
3
101111011011011000
3
111111011011011000
0
111111011011011000
3
111111011011001000
7
111111011011001000
8
111111011010001000
8
111111011010001000
8
111111011010001000
8
111111011010001000
8
111111011010001000
8
111111011010001000
8
111111011010001000
8
111111011010001000
8
111111011010001000
8
111111011010001000
8
111111011010001000
8
111111011010001000
8
111111011010001000
8
111111011010001000
8
111111011010001000
8
111111011010001000
8
111111011010001000
8
111111011010001000
0
111111011010001000
0
111111011010001000
0
000000000001000000
7
001000000001000000
7
001000000000000000
18
001000000000000000
11
011000000000000000
11
