540.75
439.75
521
412
557
436
468.75
575.75
471.5
562
533
474
532.75
414
456.75
452
406.75
410.5
574.75
465
320.75
573
447.5
574.75
434
448
559
429
431
634
424
518
487.75
512.75
484.75
453.5
496
564
417.25
476.75
390
464
519.5
439
434.75
416
507.5
457.75
427.25
443.5
469.5
440.75
448.75
415
429.5
582.75
502
491
480.75
519.75
430.75
538.5
484
393.75
467.5
540.75
480
483.75
493.75
469
529.75
554
448
569.75
463.75
421.5
461
607
425.75
529.75
412.5
458
612
468.5
445.75
452
564
425
520
402.5
571.75
544.75
495.75
476
456
543.75
466.5
468
603.25
517
