-8600
-8605
-8690
-11960
-16375
-14950
-9735
-8735
-12160
-8600
-11545
-8795
-11280
-8755
-8780
-8685
-8900
-12405
-8610
-8610
-9755
-14840
-8730
-9070
-8780
-8610
-16125
-9155
-8710
-8605
-8615
-8825
-14380
-9515
-9055
-8615
-8610
-12845
-8795
-8680
-12480
-8640
-8610
-9695
-8795
-9150
-11425
-9125
-8605
-8645
-8600
-8800
-9080
-8605
-15300
-8670
-16045
-11480
-12135
-8605
-8945
-12450
-8800
-8710
-15400
-12365
-8645
-8610
-12370
-12815
-8620
-9790
-8605
-12825
-8610
-8675
-8610
-11245
-8650
-8610
-8605
-8605
-9835
-11630
-10610
-12005
-8740
-8640
-10640
-8730
-8770
-10785
-8795
-11705
-8795
-10645
-8775
-8610
-8735
-10225
