101110000
3
110110100
5
110010110
5
110011110
6
111101111
5
101010100
4
111111010
6
101000111
5
000111000
4
000111111
5
111101101
5
101111000
8
101101010
5
000101011
5
000001011
9
100011011
9
011101011
5
011110011
4
101010101
1
010101011
9
110101010
1
110111011
5
100110100
4
110110110
6
110101110
6
010100011
5
001101010
5
110000000
4
000000000
4
000001010
7
001000000
8
000000001
6
000100000
8
010000000
5
000010000
3
000000100
3
000000101
5
000000010
4
000001000
6
000001001
5
100110010
4
110111110
2
101001111
9
100101011
9
110100011
1
111101011
3
111100011
1
110100010
5
110110000
1
110110001
1
101000101
1
101100111
7
011001110
5
111001111
5
011000111
5
000110010
7
001110110
7
011101111
9
111100101
1
011100101
7
011101010
5
011111110
5
100110111
7
110001111
6
111001011
5
011100111
7
011100110
7
001101100
5
010010010
2
111001101
3
100101001
5
011100010
5
111111011
5
100000000
3
010001000
5
000010001
5
100110110
5
110000111
5
000011000
7
100000010
5
