-113.5
-118.5
-203.25
-133.25
-209.25
-151
-180
-126
-128
-70
-196.5
-182.75
-144
-165
-180
-131
-218.25
-56
-184
-164
-124.5
-173.25
-164
-203
-170
-146.25
-115
-124.25
-99.5
-114.5
-67
-123
-159
-202
-243.25
-191
-187.75
-166.25
-222
-165.5
-90
-139.5
-221.25
-219.5
-157.25
-149.75
-255.75
-60.5
-160
-204
-110
-131.25
-140
-131
-155
-96.5
-201.75
-138
-126
-229
-153.25
-216.75
-167.5
-160.75
-142
-171
-219.75
-151.75
-135.25
-244
-170
-220.5
-142
-113
-206.75
-142.25
-180
-176.75
-118.5
-174.25
-196.5
-150.5
-196.25
-169
-143
-112
-126
-127
-154
-170.75
-143
-172.5
-107.75
-140
-127.25
-152
-191
-140.75
-147
-142
