-33050
-23090
-21200
-23325
-21565
-25135
-27530
-16230
-31665
-29295
-19375
-19540
-22450
-27470
-32420
-35385
-26840
-33030
-25620
-25240
-30335
-24525
-21495
-35050
-26590
-24650
-17970
-26435
-10395
-26880
-20990
-20820
-25940
-17840
-33925
-10550
-23415
-18120
-15915
-30155
-29180
-22470
-18955
-22955
-33800
-28250
-23365
-15840
-24410
-22475
-20710
-30920
-29200
-15575
-29140
-32145
-26480
-21400
-28340
-32255
-20380
-24330
-27570
-27170
-29980
-29625
-31345
-16815
-15650
-26765
-31470
-19705
-33855
-29350
-30105
-15150
-30565
-23175
-32965
-27780
-26200
-31800
-30560
-26235
-32085
-25285
-25850
-24475
-25580
-32920
-25120
-28580
-33020
-25365
-33375
-20610
-26595
-27590
-24590
-26390
