-24.25
-16.5
-14.25
-10
-18.75
-50
-25.75
-20.25
-29.25
-62.5
-25.75
-11
-46.5
-37.5
-14
-22.75
-17
-17.5
-33.5
-17
-31.75
-43.25
-6
-11.5
-31.5
-22.25
-21
-8.5
-20.5
-23.5
-25.75
-33
-21
-8.5
-13.5
-8.5
-29.5
-51.75
-22.75
-7.5
-8.5
-5
-7.5
-33
-17
-18
-33.5
-18.75
-44
-18.5
-12
-7.5
-39.75
-14.25
-13.25
-11
-29.5
-7.5
-14
-15.75
-42.5
-37.75
-24.5
-36.5
-33
-30.5
-11
-21.25
-22.5
-13.75
-36.75
-21.75
-15
-15.5
-35.75
-15.5
-33.75
-25.25
-26.5
-5
-2.5
-57.5
-30.75
-30.25
-17.75
-12
-12.75
-23
-16
-20
-35.5
-16.5
-56.75
-36.5
-15.25
-25.25
-12
-32.25
-57.75
-19
