-8195
-19825
-15120
-8475
-34460
-14800
-13635
-30630
-15480
-18905
-8450
-16595
-8515
-11870
-29805
-17145
-8420
-8470
-8410
-25365
-15205
-8235
-23335
-16535
-20980
-21385
-21400
-28265
-8435
-10555
-8355
-25390
-25395
-28080
-21160
-28300
-8400
-23820
-17785
-21710
-8665
-15375
-16510
-16395
-22995
-20195
-15440
-23980
-8340
-17700
-18720
-16595
-11820
-35445
-8290
-14655
-18850
-14430
-22975
-32400
-28255
-12370
-12450
-12825
-14245
-8405
-30385
-8485
-8315
-24165
-30975
-8475
-17385
-14160
-30080
-8530
-17885
-12055
-9565
-8335
-15815
-20060
-16955
-12445
-12020
-15930
-28775
-22000
-17495
-9540
-13330
-28390
-19475
-19640
-8355
-14080
-13880
-24120
-20620
-19945
