371.75
510.75
563.5
547.75
631.5
459.75
464.75
521.75
324.75
610.75
616.75
386.75
486.75
451.75
508.75
538.75
512.75
565.75
471.75
557.75
433.75
576.75
426.75
607.75
683.5
396.75
629.75
501.75
605.75
631.5
589.75
521.75
655.75
465.75
444.75
456.25
460.75
457.75
565.75
476.75
557.75
582.75
458.75
536.75
541.75
589.75
575.75
438.75
477.75
548.75
370.75
400.75
580.75
390.75
438.5
575.75
444.75
511.75
494.75
494.75
425.75
428.75
414.75
362.75
601.75
439.75
619.75
530.75
354.75
495.75
435.75
457.75
506.75
389.75
436.75
521.75
393.75
295.75
383.75
476.75
550.75
421.75
432.75
511.75
436.75
520.75
689.75
412.75
436.75
460.75
453.75
594.75
584.75
476.75
466.75
411.75
608.75
547.75
446.75
390.75
