-20725
-16445
-20520
-28005
-22330
-27700
-23170
-25075
-26290
-21340
-22215
-15830
-24365
-24140
-23950
-24065
-25140
-21235
-20625
-14890
-27550
-24990
-21410
-29825
-25565
-28545
-22215
-27450
-12120
-24720
-20170
-20255
-22245
-21455
-22435
-22895
-19645
-22060
-13635
-28960
-21390
-22625
-26485
-24240
-13530
-27070
-13540
-20185
-24385
-20180
-25455
-15185
-13480
-27895
-20090
-17795
-23095
-22375
-21580
-27675
-17195
-24690
-15860
-20205
-24290
-26835
-24545
-25710
-24795
-21500
-20090
-17270
-27860
-26570
-24270
-22670
-17070
-22650
-23960
-19155
-23525
-25085
-26445
-26850
-28495
-26030
-24975
-24485
-26850
-8735
-24055
-25835
-26385
-14895
-15880
-28000
-18475
-16035
-28770
-23540
