-17070
-18465
-20795
-26555
-24115
-27260
-28490
-28590
-19420
-12830
-18890
-29565
-17780
-24095
-27010
-29845
-11405
-29680
-18960
-17460
-17380
-25255
-24060
-24845
-15440
-22505
-24945
-15565
-29085
-19885
-24620
-22765
-17740
-26985
-29885
-16810
-24570
-16290
-17295
-32935
-23760
-22020
-16710
-11815
-27395
-27665
-30080
-18930
-17135
-17455
-26355
-22145
-17130
-24785
-25485
-20950
-19795
-27540
-12330
-35265
-28795
-12875
-18050
-22300
-12165
-16780
-19720
-14970
-27785
-17275
-20530
-17725
-14455
-26105
-24240
-17020
-20540
-17805
-28730
-25065
-30550
-27070
-13805
-21385
-8555
-31070
-28430
-20715
-28495
-19115
-21565
-19795
-23030
-17000
-13385
-26660
-17375
-15535
-18515
-29780
