-857.35
-673.59
-873.55
-1047.13
-388.65
-717.9
-1070.87
-1044.8
-826.8
-852.88
-1159.5
-203.14
-850.67
-206.05
-887.5
-974.31
-819.37
-638.28
-496.83
-1098.58
-1399.1
-849.91
-1087.66
-1125.87
-1131.64
-232.21
-747.09
-987.9
-1101.66
-1144.22
-1177.2
-368.07
-1262.9
-708.2
-1297.4
-1384.56
-1142.02
-611.49
-989.87
-1211.07
-491.9
-768.29
-1236.49
-430.3
-792.91
-668.85
-219.67
-1288.47
-979.03
-524.29
-823.11
-792.56
-809.45
-1201.03
-378.43
-732.67
-463.88
-1243.29
-769.19
-1179.26
-1125.13
-903.38
-960.34
-1213.31
-867.24
-798.03
-1077.56
-619.27
-956.18
-1028.12
-1209.72
-1053.69
-852.41
-905.14
-370.42
-1048.21
-923.2
-1033.89
-451.47
-1074.27
-255.73
-969.17
-759.95
-659.11
-1093.98
-566.65
-825.69
-1228.28
-1228.9
-879.14
-246.71
-1030.38
-408.89
-1299.89
-1106.03
-1247.87
-796.23
-414.46
-615.46
-462.22
