892.75
799
790
953.5
741
750
814
890
817.75
946
961.75
772
836.75
801
871.75
829
807.25
867.75
822
840
851
935
789.25
839
868.25
847
708.75
977.5
821
943
796
824
772
807
718.75
725.25
897
791
814
854
713.5
702.5
786
901
884.25
829
672.75
905.5
849.25
872
848
947
785
700
824
804
696
802
836
784.5
733
865.25
939.75
858
864
827.75
847
955
721.25
707
789.75
797
828
773.5
837
964
744.25
814.75
909
733.5
831.75
857.5
776
726.75
912.75
853
824.75
942.75
856
920
911
719.75
758
743.25
726
800.5
826.75
925
870
732
