1111101111
5
1111001101
2
1111101110
5
1111101110
5
1111101110
5
1111101100
2
1011100100
5
1011100100
5
1101100100
5
1001100100
5
1001000101
6
1001001001
6
1001101001
5
1001101101
5
1101110101
4
1111110101
2
1111110101
2
1111110101
2
1111011101
2
1111011101
2
1011011101
6
1011011111
9
1011001111
9
1111001111
6
1111001111
6
1111001111
6
1111001111
5
1111001011
6
1111101011
5
1111101011
3
1111101011
5
1110101011
7
1110101011
7
1110101011
7
1110101011
7
1110001011
3
1110011010
0
0111111111
10
0101011110
8
0101011110
8
0111011110
10
1111011110
1
1111011111
6
1111001111
6
1111101111
5
1111101111
5
1111111011
3
1110111111
7
1111111111
7
1111111101
2
1111111101
2
1110111111
7
1111111111
0
1111011111
6
1111011111
6
0111101111
10
1111101111
5
1111111111
0
1111111111
0
1111101111
5
1111111011
3
1111111110
1
1111111111
0
0111111111
10
1101011111
6
1101111110
1
1101111101
2
1101111111
8
1101111111
8
1111011011
6
1111001111
6
1111101111
5
1111101111
5
1111100111
4
1111001111
6
1111101111
5
0111111111
10
0111111111
10
1111111011
3
1111111110
1
1110111111
7
1111011111
6
1111101111
5
1101111111
8
1111110111
4
1111110110
4
1111111110
1
1111110111
4
0111110111
10
1111110111
4
1101111011
3
1101111111
8
1111111101
2
1110111111
7
1111111110
1
1111111111
0
1111111111
0
1110101111
7
1111101111
5
1011101111
9
1111101011
5
1111101011
5
1111111011
3
1111111110
1
1111011111
6
1111101111
5
1101111110
8
1111110100
2
1011110110
9
1111111110
1
1111111111
0
1111110111
4
1111110111
4
1111111101
2
1011111111
9
0111111111
10
1111011110
1
1111111011
3
1101111111
8
1111110110
4
1111011110
1
1111001111
6
1111100111
4
1111101111
5
1111001111
6
1111101111
5
1111101111
5
1111111111
0
1011111101
2
1111110101
2
1111110101
2
0011110111
10
1001010111
6
1001110111
4
1001111111
8
1101111101
2
1100111111
7
1101111101
2
1001111111
9
1101111111
8
1111111011
3
1111110111
4
1111111101
2
1111111101
2
1111100111
4
1111101001
5
1111111100
0
1111111101
2
1011111111
9
1111111101
2
1111111111
0
0111111111
10
0101111111
10
1101111111
8
1111111101
2
1011111111
9
0111111111
10
0101110111
10
1101110101
4
1001110101
4
1011110101
4
1011111101
2
1011101111
9
1011101111
9
1111101011
5
1111111010
3
1111111110
1
1111111101
2
1111110111
4
1111011111
6
1111101111
5
1111111111
1
1111111111
0
1111101111
5
0111111110
0
1011111111
9
1111011111
6
1111111111
7
1111111111
0
0111110111
4
0111111111
10
1101111111
8
0111111111
10
1111111111
0
1110111111
7
1111111110
1
1101111111
8
1111111101
2
1011111111
9
1110111111
7
1011111111
9
1101111111
8
1101111111
8
1111101111
5
1111011011
6
1111111010
3
1111110110
4
1111111100
2
1111111110
1
1111111011
3
1111111111
0
1111111011
3
1111110111
4
1110111111
7
1111011101
2
1111010111
4
1111011111
6
1111101111
5
1111111011
3
1111111101
0
1011111111
9
1100111111
7
1100111010
8
1110111010
7
1001110010
4
0001011110
10
1101000010
8
1011000010
9
1011000000
6
1011100000
5
1011110000
3
1001110100
1
0001110010
10
1001110010
4
1001111010
3
1001111110
1
1001111111
9
1100111111
7
1101111111
8
1111111101
2
1111110111
4
1110111111
7
1101111111
8
1011111111
9
1001111110
9
1101110010
0
1111111111
0
1111111111
0
1111111110
1
1011111111
9
0111101111
10
0111101011
10
1111101001
2
1111101011
5
1110111011
7
1111111010
1
1111111001
2
1011111011
9
1111111011
3
1110100110
7
1111001110
1
1111001011
6
0111001111
10
0111001110
10
1111001110
1
1111001111
6
1111101111
5
1111101111
5
1111111110
1
1111110110
4
1101111100
1
1101110101
4
1101111101
2
1101111111
8
1001101111
5
1001111111
9
1101111111
8
1111110111
4
1111111110
1
1111011111
6
1111111110
1
1111111101
2
1011111111
9
1101011110
6
1101011110
8
1111011101
2
0010000111
10
1100000111
8
1110000101
7
1011000001
9
1111010001
2
1111010011
4
1111011011
6
0111101111
10
1111101111
5
1111111011
3
1111011011
6
1111101001
2
1111101011
5
1111111011
3
0011111111
10
1101111111
8
1111111101
2
1110111111
7
1111111110
1
1101111111
8
1111111110
1
1111110111
4
1111011111
6
1111111111
0
1111111101
2
1111111111
0
0101111111
10
1101111111
8
1100111111
7
1101111111
8
1110111111
7
1111111101
2
1011111111
9
1111111111
0
1110111111
7
1111101111
5
1110111111
7
1111111110
1
1111101111
5
1011111111
9
1101111111
8
1011111111
9
1111111110
1
1110111111
7
1111011101
2
1111011101
2
1101011111
6
1101111111
8
1110111111
7
0111111111
10
0111111111
10
0111111111
10
1111110111
4
1111101101
2
1111101011
5
1111111011
3
0111111111
10
1111111111
3
1111011111
6
1110111111
7
1001111111
9
1101111101
2
1101111111
8
0111111110
10
1011111100
1
1011111101
2
1001111111
9
1101111111
8
1111011111
6
1101101111
0
1111101111
5
0111111001
2
0111111010
10
1110111010
7
1111111010
1
1111110011
4
1111111011
3
1101111111
8
1101111111
8
1111111111
0
1111111110
1
1111111111
0
1111011111
6
0111111111
10
0111111111
10
1110111111
7
1111111111
0
1111111111
0
1110110111
7
1111110111
4
1111110111
4
0111011110
6
0111111110
10
1111011110
6
1111011110
1
1111011111
6
1111101111
5
1101111111
8
1111111011
3
0111101111
10
1111101111
5
1111110111
4
1110111110
7
1111111110
1
1101011111
6
1101110111
4
1101111101
2
1101111111
8
1111011110
6
1111111110
1
1111111111
0
1011111111
9
1101111111
8
1111111101
2
1111110111
4
0111111111
10
0101111111
10
1101111011
8
1111111011
3
1111111100
2
1111110110
4
1111111110
1
1111110111
4
1111111101
2
0111111111
10
1111110111
4
1111111011
3
1111101111
5
1111111111
0
1111011111
6
1001001110
1
1001001111
6
1001001111
6
1001101011
5
1001011011
6
1001101011
5
1001111010
1
1001111011
3
1001111111
8
1010111011
7
0011110010
9
0101110010
10
1101110000
3
0001110110
0
1111011111
6
1111101111
5
1111111011
3
0101111100
10
1001111010
1
1001111011
3
1001111111
8
1011111011
9
1111111010
1
1111111011
3
1101111111
8
1110111111
7
1111111101
2
1011111111
9
1111011011
6
1011011011
9
1100011011
8
1110011111
7
1101001110
8
1111001100
2
1111001010
1
1111000001
2
1111001011
3
1111001111
0
1111111110
1
1111111011
3
1111111011
3
1111111111
0
1111011111
6
1111101111
5
1101111111
8
1111111110
1
1111111101
2
0110011011
10
1110011011
7
1111011010
6
1111111010
3
1011111110
1
1011111111
9
1111111110
1
1111011111
6
1111001111
5
1111011101
2
0111111101
2
0010110111
7
1001110110
1
1001110101
4
1001111101
2
1001111111
8
1011111111
9
1111011111
6
1110101110
7
1111101010
5
1111110000
2
1111110100
2
1111110110
4
1111011110
6
1011111110
1
1011111111
9
1111110111
4
1110110101
7
1111100101
2
1111000011
4
1111001010
1
1111000011
4
0111001011
10
1111101111
5
1011111101
2
1011110111
0
1111011111
6
1111110111
4
1111111111
0
0111011110
10
1111011111
6
1011111111
9
1111111111
0
0111111111
10
1111111111
0
1101111111
8
1111111101
2
1110111111
7
1111111110
1
1111110111
4
1111111101
2
1011111111
9
1001111111
9
1101111001
2
1101011010
8
0111011000
2
0111001010
10
1111000010
4
1111001010
1
1101001011
8
1111001001
2
1111101011
3
1111101111
0
1111111111
0
0111010111
4
0111011111
10
1101001111
8
1111001011
6
1111100011
4
1111110111
4
1110111101
2
1010111111
7
1011011011
6
1011101011
9
1111101011
5
1111111001
2
1111110011
4
1110111010
7
1111110010
4
1110111000
2
1110110010
4
0110011010
7
0111011010
10
1111111010
1
1111111011
3
1111101111
5
1111111011
3
1111011111
6
1111111011
3
1110111111
7
1111101111
5
1111111110
1
1111111011
3
1101110111
4
1101111111
8
1110111101
2
1110111011
7
1111111011
3
1011111111
9
1111111110
1
1011101111
5
1011111111
9
1101111111
8
0111111111
10
1111110110
4
1111111110
1
0011111111
10
1011111111
9
1101111011
8
1111111011
3
1111111011
3
1011111111
9
1111111011
3
1110111110
7
1111010110
6
1111110110
4
1111110110
4
1101011110
1
1101011111
8
1111011111
6
1111110111
4
1111111101
2
1101111111
8
1111111101
2
1111110111
4
1111111111
0
1111111111
0
1011011111
6
1001111101
2
1001111111
9
1101111101
2
1101111111
8
1011000111
4
1111001011
6
1101101011
8
1111101011
5
1111111011
3
1111111110
1
1011111111
9
1111101111
5
1111111110
1
1111001111
6
1111101011
5
1111111011
3
1111101111
5
1111111111
0
1101111111
8
1111111111
0
1111111011
3
1110111111
7
1111101111
5
1111111011
3
1111111111
0
0111111111
10
1111111101
2
1011111111
9
1101111111
8
1111011111
6
1111110111
4
1111011111
6
0111111011
10
0111111111
10
1111011111
6
1111001111
6
1111001111
6
1101001111
8
1101000111
8
1101010111
8
1101000101
5
1111111111
4
1111011111
6
1111111111
0
1111111111
0
1111111111
0
1111111110
1
1111111111
0
1111011111
6
1111011111
6
1111011101
2
0111011101
2
0101010111
10
0101110111
10
0101110110
10
1101110110
8
0111110110
10
0101110111
10
1111111101
2
1111111101
2
1011110111
4
1011010111
4
1011010111
4
1001000111
4
1001000111
4
1001000111
4
1101000101
2
1001000101
6
1001000111
4
0001001001
10
0001101001
10
0001101100
5
0101100100
5
0011100100
5
0011110000
10
0001010100
10
0001011100
10
1001011100
6
1011011100
6
1011011000
6
1011001001
2
1011001001
2
1011001001
2
1011101000
2
1011101011
9
1001101011
5
1001101010
5
1011100011
4
1101100011
4
1101100011
4
1110000001
7
1110100011
7
1110100011
7
1110000011
5
1111011111
6
1111011111
6
1111011111
6
1111011111
6
1111011101
2
1111011101
2
1111011101
2
1111011101
2
1011011101
6
1111011101
2
1011001111
9
1011001111
9
1011001111
9
1011001011
9
1011001011
9
1011011011
6
1101001010
8
1101001010
8
1101000010
8
1111000010
4
1101000010
8
1111100000
2
1111000000
2
1001000000
6
1001001000
2
1001111000
1
1001111000
3
1001110000
3
1001010010
6
1001010010
6
1001010000
6
1101010000
6
1100100000
7
1100000001
7
1100101001
7
1110100000
2
1100100010
0
1111111111
0
1111111111
0
1111110111
4
1111110111
4
0111110111
4
0111110111
10
0111110111
10
0011111110
10
0011111100
10
0011010100
10
1011010110
9
1111110110
4
0111100110
10
0111100110
10
0111100110
5
0111000110
10
0111001110
10
1111000110
4
1111000110
1
1111000110
4
1111010101
2
1110011101
2
1110011101
2
1110011101
2
1110011101
2
1110001101
2
1010001000
7
1001001000
1
1001001000
6
1001001000
1
1001101010
9
1001110010
3
1001110011
4
1001100011
4
1001100001
5
1001100101
5
1001110101
4
1011110101
9
1111101111
5
1111101111
5
1010101111
7
1010101110
9
1000101111
7
