378
346.25
315.5
321.75
343.75
334
372
351
359.25
368
368.25
353
367.25
356.5
340.5
350.75
340.5
361.25
337.5
347
340
367.75
364.5
350.25
357.75
330
328.5
388.5
324.5
348.75
317.25
353.75
353
332.75
361
340
380.5
341.75
346.25
346.75
363.25
289
336
358.25
358.5
323.75
339.25
331
352.75
351
308
352.5
332.5
374.25
349
318
316.25
349.5
369.75
309.5
327
364.25
332
348.75
300.25
283.75
330.25
343.5
319.75
349.75
365.75
317.5
336
368
361.5
310.75
330.25
340.75
325.5
319.75
297
333.5
355
360
358.25
353.5
354.5
288
339.5
361
344.75
365
298
338.25
344.5
342.5
355
324.75
306.5
338
359
325.5
342.75
323.5
328.5
312.5
360.75
299
233.25
359
336.5
295.5
342.75
256.5
352.75
354.5
292.25
296.75
322.75
359
338.25
262
317.25
357.25
344
302.75
322
244.5
265.5
310
250.75
225.25
222
295
336.5
363.5
359.5
324
354.25
348
347
246.25
350.75
345
224.25
196.25
287.5
296.75
362
357
317.75
311.25
283.5
280.25
276.75
340.5
273
317
352.5
227.5
329
232.5
315
307.25
315.25
343.25
298.75
296.5
320
330.5
282
339
322.75
279.75
344.5
365.5
287.5
331.25
362
256.5
285
355.75
337.5
373.5
262.25
347
339.75
237.75
367
277
355.75
256.25
356.25
321.5
343.5
319.25
335.75
356.5
284.25
359.5
454.5
626.5
570.5
520
526.25
689.75
443.25
487.25
537.5
472.5
448.5
464.25
471.75
546.5
495.5
677.5
580.25
530.75
509.75
501.5
568.5
500.5
575.75
379
486.5
646.75
528.5
553.25
513.25
506.75
576.5
392.75
707.5
549.5
523.5
579.5
488.75
547.25
590.5
648.25
575.5
395.5
702.5
500.25
568.25
572.75
558.75
581.5
456.5
475.75
476.5
601.75
572.75
634.5
493.75
648.25
555
652.5
471.75
511.25
614.5
472.5
402.75
454.5
453.5
501.75
668
578.75
518.75
530.75
642.25
500.75
489.5
669.5
552.25
543.25
451.5
505.25
491.5
523.5
544.75
622.5
455.75
503.25
520.75
471.75
437.75
584.75
683.25
506.75
501.25
466.25
544.25
573.5
469.25
539.25
437.5
411.5
486.5
522.75
469.25
381.5
481.25
525.5
344.5
445.75
575.75
373.5
503.25
406.5
651.25
448.75
456.5
371.5
399.75
435.75
454.75
510.75
448.5
487.5
451.75
357.75
652.5
402.25
459.5
404.75
411.75
382.75
347.75
435.75
429.5
544.5
446.75
510
491.25
450.5
582.75
423.75
485.25
375.75
565.25
392.75
564.75
390.75
421.5
435.75
613.75
346.75
444.5
696.5
585.75
425.75
572.75
444.75
622.5
607.5
489.25
507.75
363.5
373.75
410.75
380.75
521.75
640.5
539.5
445.75
595.5
491.5
443.25
450.75
423.75
431.5
364.75
558.5
544.75
682.5
342.75
436.75
494.75
400
417.5
478.5
395.75
713.75
527.5
586.75
388.75
337.5
403.5
548
458.75
495.25
426.75
493
316.75
315.75
442.75
343.25
516.75
519.25
602.75
638.5
618.25
579.5
557.75
528.75
652.5
571.75
430.75
512.5
455.5
551.5
558.75
619.75
495.75
488.25
722.75
558.75
726.5
579.5
542.75
521.75
657.75
679.5
621.75
580.75
513.5
695.5
453.25
537.25
595.75
482.75
474.25
512.75
557.5
536.75
485.75
526.75
632.75
719.75
529.5
644.5
572.75
481.5
459.75
532
558.75
560.75
632.75
628.5
563.25
557.5
627.5
664.5
614.5
500.5
507.5
536.75
722.75
667.5
644.75
505.75
669.75
690.25
513.75
674.75
489.75
867
568.75
603.75
832.75
517.75
584.75
627.25
689.75
600.75
587.5
623.5
451.75
620.25
533.5
622.75
458
464.75
543.25
571.75
561.5
528.75
530.75
525.25
598.75
576.75
537.75
469.75
591.75
615.25
555.75
633.5
530.75
723.75
491.75
457.5
494.75
601.5
700.75
447.75
534.5
568.5
448.75
520.5
523.75
499.5
679.75
557.5
467.75
533.5
416.75
538.75
530.5
440.5
563.75
614.75
513.75
526.75
466.75
764.5
471.5
386.75
494.75
672.75
385.75
567.75
472.75
468.75
514.5
658.75
475.5
473.5
483.5
515.75
507.75
441.75
451.75
462.75
494.25
478.75
490.75
497.75
501.5
607.75
417.75
597.75
707.25
546.25
373.75
492.75
593.75
465.75
473.5
596.75
547.25
437
489.5
470.75
666.75
504.75
421.75
504.5
577.75
483.75
447.75
467.75
450.5
545.5
608.75
589.5
565.75
547.75
488.75
459.75
451.75
440.75
506.75
487.75
517.75
457.5
395.5
538.75
423.5
691.25
557.75
538.75
669.5
515.25
475.5
553.75
525.75
398.75
574.5
458.5
693.75
527.75
569.75
596.75
600.5
584.75
592.75
607.75
671.5
660.75
728.25
594.75
538.75
564.75
661.75
554.75
551.5
580.5
665.75
618.75
641.75
821.25
600.25
860.75
710.75
658.75
628.75
525.75
607.75
741.75
607.5
522.75
788.25
688.5
711.75
681.75
617.5
582.75
616.5
669.5
740.75
636.75
621.5
711.5
745.75
530.5
857.5
576.75
643.75
676.75
810.75
621.75
608.75
637.75
649.75
666.5
630.75
556.5
603.75
632.75
628.75
600.25
702.75
489.75
720.75
693.5
565.75
563.75
636.75
594.75
510.75
673.5
562.75
669.75
756.75
505.75
748.5
837.75
561.75
730.75
713.5
665.75
659.75
559.75
650.5
539.75
848.75
628.75
658.5
546.5
725.75
653.75
602.5
602.25
637.75
716
614.75
744.5
794.5
841.5
425.75
434.5
512.75
419.5
523.5
388.75
593.75
629.75
414.75
460.75
521.75
521.5
620.5
436.5
372.75
458.75
417.75
472.75
453.5
420.75
529.75
469.75
567.75
537.75
439.75
578.75
452.75
563.75
419.75
552.75
527.5
462.75
641.5
523.5
436.75
550.75
546.75
677.75
379.5
510.5
522.5
591.75
619.25
515.5
400.75
424.5
402.75
430.5
478.75
397.5
499.75
456.5
514.75
477.75
410.5
524.75
543.5
512.5
590.5
490.75
447.75
522.5
472.75
528.75
598.5
469.75
408.75
429.5
527.75
614.75
466.75
503.5
544.75
515.5
658.25
433.75
481.75
539.5
412.75
498.75
474.75
529.5
517.75
499.75
581.25
475.75
418.75
517.75
433.75
549.75
492.5
565.75
513.75
730.5
494.75
461.75
512.75
469.75
439.75
455.75
703.5
814.75
863.75
813.75
797.5
851.75
798.75
768
720.25
783.75
673.75
758.5
879.75
685.75
651.75
686.75
758.75
863.5
787.75
630.5
791.5
782.75
977.5
723.75
641.75
731.75
711.75
761.5
655.5
762.75
791.75
843.5
951.75
692.75
743.5
731.75
655.25
786.75
756.5
911.75
792.5
873.75
847.5
648.25
642.25
655.75
809.75
793.75
779.5
593.5
650.75
894.5
687.75
783.5
858.75
713.5
917.5
779.75
759.75
799.5
836.75
742.5
734.75
823.5
692.75
765.75
704.75
860.75
855.5
931.5
804.5
841.25
918.25
797.75
715.5
729.5
689.75
880.75
826.5
984.75
600.25
731.75
738.75
794.75
827
688
698.5
886.75
854.75
804.25
704
812.75
736.25
782.5
780.75
878.75
681
795.75
734.75
914.75
549.5
501.5
605.75
524.5
525.75
688.75
594.75
613.5
545.5
584.75
545.75
602.75
559.75
492.75
658.75
548.75
674.5
549.75
550.75
575.75
554.75
522.5
597.5
557.75
505.75
550.5
489.75
717.75
497.75
605.75
516.75
636.75
555.75
508.75
507.75
602.75
463.75
506.75
565.5
541.25
525.75
611.75
601.75
424.75
568.75
475.75
628.75
626.75
479.75
486.75
656.5
655.75
497.5
646.75
793.75
621.5
587.75
530.75
570.5
595.5
587.75
751.5
556.5
552.5
672.75
498.75
499.75
513.75
508.75
604.75
538.75
661.75
545.75
587.5
644.75
668.5
529.75
476.75
595.75
637.75
575.75
647.75
651.5
691.5
556.75
469.75
629.75
622.75
507.25
520.75
536.75
516.75
471.5
668.75
682.75
569.75
648.5
540.75
557.75
543.5
