000000000100101010000101
8
000000000000100111111111
8
010000000000000111111111
4
111000000000101110111111
7
010000000000101000011110
8
010000000000000111111111
4
111000000000100110111111
7
011000000000000000111111
7
001100000000000000111011
4
111100000000000011101111
7
111100000000000000110111
6
111100001000000000010111
6
111100001000000001000111
7
111100011000000000110111
7
111100011000000000110111
7
111100001000000000110101
6
111100001000000011000111
7
111100001000000000110111
6
111100001000000011000111
7
011100101000000000110111
7
011100000000000000110111
6
111100000000000000000011
5
110000000000000000110000
6
010001000000001010000111
8
010001000000000110111111
7
010001000000001000111111
8
010001000000000010111111
7
110001000000100000111111
7
110011000000101000111011
7
110011000000101000101111
7
010011000000101000111111
8
000001000000001100111111
8
000001000000000100110111
7
000001001000010000111111
8
000010000000000110111110
5
000010000000100111111010
8
000010000000000101111111
7
000010000000000000111111
6
000010000000000000000111
6
000110000000100100000111
0
000000000100101010000101
8
010000000000000111111011
4
111000000000000111111111
7
111000000000000000111111
7
111000000000000000111111
7
111100000000000000111111
3
111111000000000011111111
6
111100000000000011000111
7
111100000000000000111111
6
111100000000000000100111
6
011000010000000000000110
3
011111010001100100101111
8
011011010000000100101111
7
011011010000000000101111
6
011011010000000100000111
7
001011010000000000101111
3
011111010000000000101111
6
011111010000000000000111
5
111111010000000000101001
6
111111010000000000000011
5
111111010000000000001000
6
111111010000000000001100
6
111011110000000000000111
5
111011110000000000000000
1
111011110011000000000000
2
111011111010000000000000
0
111011101010000000000000
2
111011111010000000000000
5
111111111010000000000000
5
111111111010000000000000
5
111101111010000000000000
5
111101111010000000000000
5
111101011000000000000000
5
111101011000000000100000
6
111101011100000010000101
7
111101001000000000100111
6
111101001000000010000111
7
111101101000000000010011
6
111111101000000000010111
6
111111101000000000000111
0
000000000100101010000101
8
000000000000000111101111
7
000000000000010000111111
8
001000000000000011111111
7
001000000000000000111111
4
111000000000000011111111
7
011000000000000000111111
7
011001000000000000111111
7
011001000000000000111111
7
011001000000000000111111
7
011001000000000000111111
7
011001000000000000101111
3
011111000000000100111111
4
111011000000000100111111
7
111001000000000000111111
6
111001000000000110000111
7
111001000000000000111111
6
111001000000000000000101
5
111001100000000000000001
5
111001110000000000000000
2
111001110000000100000010
7
111001110000000000001011
6
111011110000000000000111
5
111111110000000000000100
5
111111110000000000000000
1
111111110111000000000000
6
111111110010000000000000
1
111111110110000000000000
6
101111110110000000000000
6
111011110110000000000000
2
111011111110000000000000
7
111011111110000000000000
7
111011111110000000000000
7
111011111110000000000000
7
011011111110000000000000
8
011010110110000000000000
7
001000111110000000000000
7
010000111110000000000000
7
000000111110000000000000
7
010000101110000000000000
0
000000000100101010000101
8
000000000100000111101011
7
000000000100000000111011
4
111000000100000000111011
7
111000000100000000111011
6
111100000100000110000011
7
111000000100000100111011
7
011000000100000000110011
6
011000000100000000000011
3
011111000100000100001011
6
111011000100000100000011
7
111011000100000000111011
6
111011000100000100000011
7
111011000100000000111011
6
111011000100000100000011
7
111011000100000000111011
6
111011000100000000100011
6
111011000100000000000011
5
111011000100000000000011
5
101011000100000000110001
6
101011000100000100000011
7
101011000100000000010011
6
101011100100000100000011
7
101011100100000000010011
6
101011100100000000000011
5
101011110100000000000000
1
101011110111000000000000
6
101011110111000000000000
3
111111110111000000001000
6
111111110111000000000000
6
111111110111000000000000
6
110111110111000000000000
8
110110110101000000001000
6
110110110101000000000010
5
110100110101000000001000
6
110100110101000000001010
6
110100110001000010000010
7
110100110001000000000110
5
110100010001000001000000
7
110100011001000000001100
0
000000000100101010000101
8
000000000000000111111101
7
100000000000111000111111
7
100000000000111000111111
7
100001000000111000111111
7
000101000000111000111111
8
000101000000000010111111
7
000101000000000000111011
4
110101000000000010111111
7
111101000000000000111111
6
011110000000000000000111
3
111111000000000000001111
6
111111100000000000000111
5
111111100000000000000000
1
111110100011000000000000
2
111110111011000000000000
1
111110111111000000000000
3
111111111111000000000000
3
111111111111000000000000
0
111111111111000000000000
0
110111111111000000000000
8
110101111111000000000000
3
110111111111000000000000
8
110111111111000000000000
8
110111111111000000000000
8
110111111111000000000000
8
000111111110000000000000
8
000111111110000000000000
8
000101111110000000000000
8
000101111110000000000000
8
001101111110000000000000
8
001101111110000010000000
7
001101111110010000000000
8
001101111110000000000000
8
001101101110000000000000
8
000101101111000000000000
8
000111101111000000000000
8
010111101111000000000000
8
010111101111000000000000
8
110111101111000000000000
0
000000000100101010000101
8
000000010000000111101101
8
010000010010000111101111
7
010000010000000000101101
4
111000010000000101001111
7
111010010000000101101111
7
111010010000000000101111
6
111010010000000000000111
3
111111010000000000101111
6
111111000000000000100111
6
111111000000000000000111
5
111111000000000000000000
1
111111000111000000100000
6
111111010011000000000000
6
111101010010000000000100
5
111111010010000000000000
1
111110010011000000000000
2
111110111011000000101000
5
111110011011000000100000
6
011110011011000001000100
7
011100011011100000100100
8
011100011011000011100100
7
011100011011100000100100
8
011100011011000010100100
7
001100011011000000100100
6
001100011011000000000100
5
001100011011010000000000
2
001100111011110011100000
8
001100011011000011100100
7
001100011011000000100100
6
100100001011000000000100
5
100100001011000000000000
3
100111001111000010000000
6
100101011111010010000000
8
100101011111000010100000
7
100101011111000000100000
6
100101011111000000100000
6
100111011111010010000000
8
100101011111000010100000
6
100101011011010010000000
0
000000000100101010000101
8
000000000000000111110011
8
000000000000000111011101
7
100000000000101000111111
7
010000000000111000111111
7
000000000000111000111111
8
000000000000010111101111
8
001000000000000111111111
7
001000000000000101111111
7
001000000000000101111111
7
001010000000010000111111
8
001010000000000101111111
7
001010000000100000111111
8
001110000000000101111111
8
001110000000000101111111
8
001010000000000101111111
7
001000000000000100111111
7
001000000000010000111111
8
001000000000010111011101
8
001000000000000111111111
7
001000000000100000111111
8
001000000000000111111111
7
001000000000000010111111
7
101000000000000000111111
7
101000000000000000011101
6
101000000000000000000111
3
101110010000000100101111
6
101010010000000101000111
7
101010010000000000101011
6
101011010000000001000111
6
001010010000000101000111
7
000010110000100000001111
8
000010110000000001001111
7
111010110000101000001111
5
010010110000101001001000
8
010010110010000101001111
7
010010110000000000001111
5
010011110000000000001001
6
000011110000000100000011
5
000010110000000100001000
0
000000000100101010000101
8
000100000000000111001101
8
000000000000000011111111
4
111000000000001111111111
7
110000000000001000111111
8
110010000000000110111111
4
111001000000000111111111
7
110000000000000001111111
7
111100000000000000111111
6
111100000000000010000111
7
111100000000000000101011
6
111100000000000000000111
3
111111000000000000101111
6
111111010000000000000111
5
111111011000000000101000
5
111111010000000000101000
6
111111010001000000000001
2
111111111001000000000011
5
111111111000000000000001
5
111111110000000000000000
1
111110110111000000000001
2
111011111110000000000000
3
111111101110000000000000
1
111111101111000000000000
6
111101101111000000000000
2
011101111111000000000000
3
011111111011100000000000
8
011111111010100000000000
8
011111111010000000000100
5
011111111011000000000100
5
011111111010000000000000
5
011111111010000000000000
5
010111111010000000000000
8
011111111010000000000000
5
011111111010000000000000
5
111111111010000000000000
5
111111111010000000000000
5
101111101010000000000000
5
101111111010000000000000
5
101111111010010000000000
0
000000000100101010000101
8
000000000000000111001111
7
000000000000011000111101
8
000000000000000111111111
7
000000000000010000111111
8
000000000000000001111111
4
111000000000010011111111
7
101000000000010000011111
8
101010000000000110111111
4
111001000000000111111111
7
110000000000000001110111
7
110000000000000000111111
7
110000000000000000111110
7
010000000000000000111111
4
111000000000000011011110
7
111000000000000000111111
7
111000000000000000111111
6
111100000000000101000111
6
011000000000000111000111
7
011000100000000000111111
7
011100000000000000111111
6
011100000000000000000111
3
011111000000100000001101
8
011111000010000000101111
6
111111000000000000000111
5
111111000000000000010000
6
111111000000000000000011
5
101111000000000000100000
6
101101000000000000000010
5
101100000000000000101000
6
111100000000000001000111
7
111110010000000000010111
5
111110000000000000111010
6
111010000000000001000111
7
111000100000000000110011
5
111010001000000000110010
6
111110001000000101000111
5
111010001000000101110000
5
101010001000000101110000
5
101010001000000101110000
0
000000000100101010000101
8
000000000000000111011111
7
000000100000101000111111
8
000000000000101111111111
8
000000000000000111111011
7
000000000000000010111101
4
111001000000000111111111
7
111000000000000000111111
7
111000000000000000111111
6
111000000000000110000111
7
111000000000000100111111
7
111000000000000000111111
7
011000000000000000111111
7
011000000000000000111111
7
011000000000000000111111
7
011000000000000000111110
7
011001000000000000111111
7
011001000000000000011111
6
011000000000000010000111
7
011000000000000000111111
7
001000000000000000111111
4
011000000000000001111110
7
011000000000000000111111
7
011000000000100000111111
8
011000000000000110111111
7
011000000000100000111101
8
011100000000000101111111
7
011000000000000000111101
7
011000000000000000111111
6
011011000000100110000101
8
011001000000000100111111
7
111011000000000000111111
6
111011000000000000000111
5
111011000000000000101000
6
111011000000000000000111
5
101001000000000000101000
6
101011000000000000000011
5
101011000000000000010001
6
101011000010000000000111
6
101011000000000000000111
0
000000000100101010000101
8
000000010000000111100111
8
100000010000000111101111
7
100000010000000000101111
4
111000010000000100101111
7
111000010000000000101111
6
111000010000000001000111
7
111100010000000000101111
6
111101010000000000000111
6
111101010000000000000111
5
111101110000000010001000
7
111101110100000010001111
7
111101110000000000001011
6
111101110000000010000111
7
111101110000000000001111
6
111100110000000010000111
7
111100110000000000000111
5
111100110000000000000010
5
111100110000000000000000
2
111100111000000000000000
1
111110111111000000000000
7
011110111111000000000000
3
011111111101000000000000
8
011111111101000000000000
8
011111011111000000000000
6
011111011111000000000000
6
011111011111000000000000
6
011111011111000000000000
6
001111011111000000000000
8
010101011111000000000000
3
010111011111000000000000
8
010111111111000000100000
8
010101011111000000100000
6
000101011111100000100000
8
000101011111000010100000
7
000101011111000000100000
6
000101011111000000000000
8
000111011111000000000000
8
000111111111000000000000
8
000111101111000000000000
0
000000000100101010000101
8
000000000000000101110111
7
100000000000010000111111
8
100000000000000111111111
4
111000000000001011111111
7
110000000000001000111111
8
110000000000001111111111
8
110000000000000111111111
7
010000000000001000111111
8
010000000000000110111111
7
010000000000000000111111
4
111000000000000000111111
6
111000000000000110000111
7
111000000000000000111111
6
111000000000000111000111
7
111000010000000001111111
7
111000000000000000111111
6
111001000000000011100111
6
111000000000000111000110
7
111000000000000000111111
6
110000000000000010000111
7
110000000000001000010111
8
110000001000000010010111
7
110000001000001000110111
8
110001000000000111110111
8
110000000000000111111111
7
111000000000001101111111
7
110000000000001000111111
8
110000000000000111111111
7
110000000000001100111110
8
110000000000000111111111
7
110000000000001001110011
8
110000000000000111111111
7
010000000000001000111111
8
010000000000000110111111
7
110000000000000000110111
6
110000000000000100000111
7
110001000000001000011111
8
110001000000001100111111
7
110011000000001000111111
0
000000000100101010000101
8
010101000000000111111111
8
010000000000000111111111
4
111000000000101111111101
7
010000000000101000111111
8
000100000000000111111110
8
000000000000000110111111
7
001001000000000000111111
4
111001000000000010111111
7
111101000000000000111110
6
111101000000000000000111
6
111101000000000000000111
6
111101011000000000000111
5
111111011000000000100000
6
111111011101000000000100
2
111111111001000000000110
5
111111111001000000000010
5
111111111001000000000000
1
111111111111000000000000
1
111111111111000000000000
0
111111111111000000000000
0
111001111111000000000000
7
111001101111000000000000
2
111001111111000000000000
7
111011111111000000000000
7
111011111111000000000000
7
111011111101000000000000
7
111011111101000000000000
7
111111111101000000000000
5
111111111111000000000000
0
111111111111000000000000
0
111111111111000000000000
0
111111111111000000000000
0
111111111111000000000000
0
111111111111000000000000
0
111111111111000000000000
0
111111111111000000000000
0
111111111111000000000000
0
111111111111000000000000
0
111111111111000000000000
0
000000000100101010000101
8
000000000010100111111101
8
000000000010000111111101
8
000000000010000111111101
8
000000000010000111111101
8
100000000010000111111101
7
100000000010001100111101
8
100000000010000111111101
7
100000000010010010111101
8
100000000010010111111101
8
100000000010000111111101
7
100000000010000000111101
4
111000000010000110111101
7
111000000010000000011101
6
111000000010000011000101
7
111100000010000000111101
6
101100000010000001000101
7
101100000010000000100101
6
101100000010010000000101
8
101000000010000000000101
3
101001001010000000100101
6
101001000010000000100101
6
101001000010000000000101
3
101111000010000000100101
6
101111001010000000000101
5
101111001010000000010000
6
101110001010000000000101
5
101110001000000000000000
2
100110111000000000000000
8
100111111000000000000000
5
100111111100000000000000
8
100111111100000000000000
8
100111111101000000000000
0
100111111110000000000000
8
100111111111000000000000
8
100111111111000000000000
8
100111111111000000000000
8
100111011100000000000000
8
100111011100000000000010
5
100110011000000000000000
0
000000000100101010000101
8
000000000000000111101111
8
000000000000000111111111
7
001000000000100001111111
8
000000000000100111111110
8
011000000000000111111111
7
011000000000000000111111
7
011000000000000000111111
7
111000000000000000111111
7
111000000000000000111111
7
011000000000000000111011
7
011010000000000000111111
7
011110000000000000111111
6
001110000000000001000111
7
001110000000000000011111
3
001111000000010001111011
8
101110000000000001111111
7
101110000000000000111111
6
101110000000000000000111
6
100110000000010000000111
8
100110100000000001100100
7
101110000000000000011101
6
101111000000000000000111
5
100111000000000000011000
6
100111000001000000010110
6
100111000001000000010110
6
100111000001000000000110
5
100111000001010000111010
8
100111000001000000111110
6
100111000001000000110110
6
100111000001000000000110
5
100111000001000000001000
6
100111000001001000000100
8
100111000000000000101100
6
100111000000000000000111
5
100111100000000000101000
5
100111000000000000111000
6
100111000000000000000111
5
101111000000001000111000
5
100110000000000000111000
0
000000000100101010000101
8
000000000010000111111011
8
000000000000000111111110
7
000000000001110000111110
8
000001000001000111111110
8
000001000001000101111110
8
010001000001000101111110
4
111000000001101111111110
7
010000000001101100111110
8
010000000001000111101110
7
010000000001000000111110
4
111001000001000101111110
7
111001000001000001110110
7
111000000001000001111110
7
111000000001000000110110
6
111010000001000100000110
7
101011000001000100111110
7
101011000001000000111110
6
101011000001000100000010
7
101011101001000000111110
7
101011100001010000111110
8
101111100001000100111110
4
101011100001010100111110
8
101011000001000100101110
7
101011000001000000111110
6
101011000000000100001110
7
101011000000010000101111
8
001011000000000100111111
7
101010000000100000111111
7
001010000000110000111111
8
001010000000000101110111
7
001010000000010000111101
8
001010000000000101110111
7
011010001000100000111111
8
011010000000000101111111
7
011010000000000100111111
7
011010000000100000111111
8
011010000000100001111111
8
011000000000100101111111
7
011000000000100000111110
0
000000000100101010000101
8
000000000100000111101111
8
000000000000000111111111
7
000000000000010000110111
8
000000000000000110111111
4
111001000000000111111011
7
111000000000000000111111
7
111000000000000000111111
7
111001000000000000111011
6
111001000000000000001111
6
111001000000000010000111
7
111001110000000000010110
3
111111111000000000010111
5
111111101000000000010000
6
111111101011000000000010
2
111111111011000000000100
5
110111111011000000000000
4
111111110011000000000000
1
111111110111000000000100
6
111111110011000000000100
5
111111110001000000000000
1
111100111111000000000000
7
111100111111000000000000
7
111100111110000000000000
7
111100111110000000000000
7
111100111110000000000000
7
110100111110000000000000
3
110111111110000000000001
5
110111001110000000000000
6
110111001110000000000000
6
110111001110000000000000
6
110111001110000000000000
6
100111001110000000000000
6
110111001110000000000000
6
110111001110001000000000
8
110111101110000000000000
6
110011101110000000000001
5
110011101110000000000000
6
110011101110000000000000
5
010011101110000000010000
0
000000000100101010000101
8
000000001000000111011111
8
000000000000000101111111
4
111000000000100111111111
7
011000000000100000111111
8
011000000000000111110101
7
011000001000000001111111
7
011000000000000000111111
7
011000000000000000111111
7
011000000000000000111111
7
011000000000000000111111
7
001000000000000000111111
4
111001000000000001011111
7
111000000000000001110111
7
111000000000000000111111
6
111000000000000000010111
6
111000000000000000000101
3
111111000000000000010001
6
111111000000000000000011
5
111111001000000000111000
5
111111000001000000111000
6
111111000001000000000110
5
111111100001000000000000
1
111111110111000000000000
6
111111010111000000000000
6
111111010111000000000000
6
111111010111000000000000
6
111111010111000000000000
6
101111011111000000000000
8
101110101011000000000000
2
101110111011000000000000
8
111110111011000000000000
7
110100111011000000000000
7
110100111011000000000000
7
110100111011000000000100
5
110100111011000000000000
7
110100111111001000000000
8
110100111111000001000000
7
100100111111001000000000
8
100100111111000001000000
0
000000000100101010000101
8
000000000100000111010011
8
000000000100000111111011
8
000000000100000111111011
7
100000000000110000111011
7
100000000000101000011111
7
000000000000111000111111
8
000000000000000111011111
7
000000000000001000111111
8
000100000000000110111111
4
011000000000001111111111
7
010000000000100000111111
8
010010000000100111111111
8
010000000000000111111110
7
010000000000100000111011
8
010000000000000100111111
7
000000000000100000111111
8
001000000000000111111111
7
001000000000100000101111
8
001000000000000011111011
7
001100000000100010111111
8
001100000000000011111111
7
001100000000000000111111
4
111100000000000010111111
7
111100000000000000111111
6
111100000000000001000111
7
111100000000000000101111
6
111101000000000000000110
5
111101000000000000110000
6
111101000000000010000111
7
111101000000000000101111
6
110101000000000000000111
5
110111001000001000110000
8
110111001000000000110111
6
110111001000000000000111
5
111111001000000000110000
6
111111001000000000000111
5
111111001000000000010000
6
111111001000000000000111
5
111111001000000000110000
0
000000000100101010000101
8
000000000000001111110101
8
000000000000000111111111
7
000000000000110000111111
8
000000000000000111111111
7
010000000000101000111111
8
010000000000000111111111
4
111000000000001111011111
7
110000000000000000111111
7
110100000000000000101111
3
110111000000000000111111
6
110100000000000000000111
3
110111000000000000011111
6
110111000000000000000111
5
110110000000000000000000
2
110110111000000000000010
5
110110111000000000000010
5
110110111001001000000000
8
110110111001000001000000
7
110110111111000000000000
3
110111011111000000000000
8
111111011110000000000000
1
111111011111000000100000
6
111111011111000000000000
6
111111011111000000000000
6
111111011111000000000000
6
111111011111000000000000
4
111111001111000000100000
6
111111001111000000100000
6
111101001111000000000000
2
111101101101000000000000
2
111100111101000000000000
7
111100111111000000000010
7
110100101101000000000010
5
110100101101000000000000
7
110100101011000000000000
7
011100001011000000000000
7
011100001011000000000000
7
011101001011000000000000
6
011101001011000000000000
0
000000000100101010000101
8
000000000000000111111111
7
000000000000100100111111
8
000000000000000111111100
8
100000000000000101111111
7
100000000000011001111111
8
100000000000010111110111
8
100000000000000011111111
7
100000000000000001111111
7
101000000000010000111111
8
101000000000010110110111
8
101000001000000111111111
7
100000000000000000110110
4
111000000000000000111111
7
110000000000000000111111
7
110000000000000000111111
7
110000000000000000011111
6
110001000000000100000111
7
110001001000000000101111
3
110111001000000010101111
4
111101000000000010111111
7
111101000000000000111111
6
111101000000000000000011
5
111101000000000010011000
7
111101000000000000110111
6
111101000000000000000111
6
111101010000000000000111
5
111101010000000000101000
6
111101010010000000000111
6
111101010000000000000111
5
111101010000000000000000
2
111101111100000000000010
5
011101111100000000000000
8
011101111000000010000000
7
011100111000000000000000
5
011101111000000000000000
5
011111111100000000000000
5
010111111101000000000000
8
010111111111000000000000
8
110111111111000000000000
0
000000000100101010000101
8
000100000000000111111001
8
000000000000000111111111
7
000000000000110000111111
8
001000000000000011111101
7
001000000000010010101111
8
001000000000000111111111
4
111000000000100111111111
7
111000000000000000111111
7
111000000000000000111111
6
111000000000000111100111
7
111000000000000000111111
7
111100000000000000101111
6
111100000000000010000111
7
011100000000000000110111
6
011100001000000010000111
7
011100001000000000110111
6
011100001000000011000111
7
011100101000000000110101
7
011100001000000000110111
6
001100001000000001000111
7
001100011000000000100111
6
001101010000010000000111
8
001101110000000010000111
7
000001110000110000001111
8
000001110000000110001110
7
000001110000110000001011
8
000001110000000110001111
7
000001110000000000001111
6
000101110000100000000111
8
000111110000000010000111
8
100111110000000010001110
6
000101110000000010000110
7
000101110000001000001110
8
000101110000000010001101
7
000001110010000000001101
6
000001110010000000000101
5
000001110010000000000000
8
000011110010000000000000
8
000011110010000000001000
0
000000000100101010000101
8
000000000000000111100111
8
000000000000000111111111
7
000000000000000000111111
4
111000000000000001111111
7
101100000000000001111111
7
101100000000010000111111
8
101100000000000011111110
7
101100000000000000111111
7
101110000000000000111111
6
101110000000000000000111
3
100111000000000000101111
6
100111000000000000000111
5
100111000000000000010010
6
100111001000000000000100
5
100111001001000000010000
6
100111001101000000010100
6
110111001101000000000110
6
110111011001000000000010
5
110111001001000000000000
1
110111011111000000100000
6
110111011111000000000000
8
110111011111000000100000
6
111111011111000000000000
6
111111001111000000000000
6
111111101111000000000000
6
111111101101000000000000
5
111111101101000000000000
1
111111101111000000000000
6
111111101111000000000000
6
111111101111000000000000
6
111010101111000000000000
7
111110110101000000000000
6
111110110101000000000000
7
111110110001000000000000
5
111110110001000001000000
7
111010010001000000000000
7
111010000111000000100000
6
111010000111000000000000
6
111010000101000000000000
0
000000000100101010000101
8
000000000000000111010111
7
100000000000110000111111
7
100001000000110000111111
8
000001000000100110111111
8
001000000000000100111111
7
111000000000010000011111
7
101000000000010000111111
8
101100000000000110111110
4
111000000000010111111111
7
101000000000010000111111
8
101000000000000001111111
7
101000000000000000111111
7
101000000000000000111111
7
101000000000000000111111
7
100001000000010000101111
8
100001010000000110111111
7
000001010000001000110111
8
000001000000000110101111
7
000001000000000000101111
3
010111000000000110111111
8
011001000000000010111111
7
011001000000000000101101
6
001001000000000010000111
7
001001000000000000011111
6
001100000000000010000111
7
001100000000110000111111
8
001100000000000001101111
7
001100000000110000010111
8
001100000000000011111111
7
001100000000010000111111
8
001000000000000011111111
7
001000000000010000111111
8
001100000000000101111111
5
001000000000000011111100
7
101000000000010000111111
8
101000000000000111111111
7
101000000000000000111111
7
111000000000000000111011
5
111000000000000111111000
0
000000000100101010000101
8
000000000000100110011111
8
000000000000000111111111
7
110000000000100000111111
7
010000000000100000111111
8
010000000000100010111111
8
010000000000000111111111
4
111000000000000111110111
7
011000000000000010111110
7
111000000000000000101111
6
111000000000000010000111
7
011000001000000000011111
7
011000000000000000111010
7
011000000000000000111111
7
011100000000100000111111
8
011101000000100000111111
8
010101000000000010111101
7
011101000000000000011111
6
011101000000000010000110
7
011101000000000010011111
7
011101000000000010111110
7
011100000001000010111111
7
011100000000000000111111
6
011110000000000001000111
7
011110000000000000111111
6
010110000000000000000111
3
010111000000000000110111
6
011011000000000000000101
5
010011010000000000100000
6
010011010000100000000111
8
010010010000000100000111
7
010010110000100000100111
8
011010111000000101101111
7
111010010000000001101111
7
111110010000000000101111
6
111110010000000000000111
5
111110010000000001101000
7
111110010000000000101011
6
111110010000000001000111
6
111110010000000001000111
0
000000000100101010000101
8
000000000000000111111111
7
000000000000010000111111
8
000001000000000011110111
4
011000000000010111111111
7
011000000000110010111111
7
011001000000100000111111
8
011001000000000100111101
7
011001000000000000111111
7
011000000000000000111111
7
011000000000000000111111
7
011000000000000000111011
7
011001000000000000111111
7
111011000000000000111111
6
111010000000000100010111
7
111010000000000000111111
6
111111000000000000000111
5
111111101000000000000000
1
111111101111000000000001
6
111101101110000000000001
5
111111101110000000000000
1
111111101111000000000000
6
111111101011000000000000
1
111111101111000000000000
6
111111101111000000000000
6
111111111111000000000000
0
111111110111000000000000
6
111111110111000000000000
6
111111110111000000000000
6
111111110111000000000000
6
111111110111000000000000
6
111011110111000000000000
7
111011110110000000000000
7
111011110110000000000000
7
111011110111000000000000
7
111111110111000000000000
6
111111110111000000000000
6
111111110111000000000000
6
111111110111000000000000
6
111111110011000000000000
0
000000000100101010000101
8
000000000000000111110111
7
110000000000101010111111
7
010000000000101000111111
8
010000000000000111111111
4
111000000000001111111111
7
110000000000000000111111
7
110000000000000000111111
7
110000000000001000111111
8
110000000000000110111111
7
110000000000001000111011
8
110000000000000010111111
7
110000000000001000111111
8
110000000000000111110111
7
110000000000000000111111
7
110000000000000000111111
7
111100000000000000111111
6
111100000000000011100111
7
111100000000000000111111
6
111100000000000010000101
7
111100010000000000110111
3
111111000000000001111111
6
111111000000000001000111
6
111111010000000001000111
6
111110010000000001000111
7
011110000000000000101111
6
001110000000000000000111
5
001110001000010000010000
8
001110001000000001110111
7
001110001000010000010111
8
001110001000000000010111
6
011110001000000000000111
5
011111001000000000000010
5
011111001000000000000000
6
011111001000000000000000
6
011101001001100000000000
8
011101001001000000000100
5
011100001001000000000000
6
011101001001000000000000
5
011101001001100000000000
0
000000000100101010000101
8
010000000000000111011111
4
111000000000000111111111
7
110000000000000000111101
7
110000000000000000111111
4
111000000000000000110111
6
111000000000000000000111
3
111111000000000000100111
6
111111000000000000000110
5
111111010000000000110000
5
111111001000000000111000
5
111111000000000000111000
6
111111000001000000010110
6
011111001001000000000110
5
011111001001000000100010
6
011111001001000000000110
5
011110001001000000000000
2
011110111101000000000000
3
011111111101100000000000
8
011111101001100000000000
8
011111111001000000000010
5
011111111101100000000000
8
011111111111000000000000
8
011111111111000000000000
8
011111111011000000000000
0
011111111011000000000000
8
011111111011000000000000
8
011111111010000000000000
5
011111111010000000000000
5
011111111110000000000000
8
011111111010000000000000
5
011111111010100000000000
8
011111111010000000000100
5
011111111010000000000000
5
011111111000100000000000
8
011111111000000000000000
5
011111111000000000000000
5
011111110000000000000000
5
011111110000000000000000
5
111111110000000000000000
0
000000000100101010000101
8
000000000000100111110111
8
000000000000000111111111
7
000000000000110000111111
8
000001000000000101111111
4
111000000000000110111111
7
111000000000000000111111
7
111000000000000000111111
7
111001000000000000111111
6
111001000000000010000111
7
011001000000000000111111
7
111001000000000000101111
6
111001000000000000000111
3
111111000000000010011111
6
111101000000000000000111
6
111101000000000000000111
6
111101001000000000000111
5
111111001000000000100010
6
111111001000000000000010
5
010111001000000000100000
6
010111001000000000000111
5
010111000000000000000011
5
010111100000000000000000
1
010111100110000000000011
6
010111100110000000000011
6
000111100100000000000011
5
000101101100000000011000
7
000101100101000000011010
6
000101100101000010000010
7
000001100101100000011010
8
000101100101000100010010
6
000001100101010010000010
8
000001100101000110011010
7
000001100101000000011000
6
000001100101000100010010
7
000001100101001000011010
8
100101100101000000011000
6
100101100101000010010010
7
100101101101010000000010
8
100101101101000010000010
0
000000000100101010000101
8
010000011000000111110011
7
010000001000100000110011
8
010000001000000011110111
7
010000001000100000110111
8
010010001000000011010101
4
111000001000001111110110
7
110000001001000100110111
7
110000001000000000110111
7
110000001000000000010111
3
110111101000000001110111
4
111110000000000001110111
7
011110000000000000111111
6
011110000000000001000111
7
011110000000000000110111
6
011110000000000001100111
7
011110001000100000111111
8
011110000000000001111111
7
011110000000100000110111
8
011110000000000001111111
7
011110000000000000111111
6
011110000000000001000110
7
011110000000000000011111
6
011110000000000000000111
6
011111100000000000000111
5
011111101000000000001100
5
011111101000000000010000
6
011111100100000000000010
5
011111100100000000011000
6
011101100100000000000011
5
011101100100000000001000
6
111100100100000000000001
5
111100100100000000001000
6
111110100100000000000011
5
110110100100000000000000
6
110110100100000000000000
6
110100100100000000000000
7
111110100110000000000000
6
011101100111000000000000
6
011101101111000000000000
0
000000000100101010000101
8
000000000000000111110011
8
000000001000000111111111
8
101000000000000111111111
7
101000000000000001111111
7
101000000000000000111111
7
001100000000000000111111
4
011110000000000010111111
4
111110000000100001111110
7
011110000000100001111111
8
011110000000000001111111
7
000110000000000000111111
4
100110000000100001111111
8
000110000000100001111111
8
001110000000000001111111
7
101110000000010000111111
8
101110000000000001111111
7
101110000000000000111111
6
101110000000000000100111
6
101110000000000000000111
6
101110000000000000000111
6
111110011000000000000111
5
111100111000000000000000
1
111000111101000000000000
7
111100111101000000000000
7
111100111111000000000000
7
111100111111000000000000
7
111100110111000000000000
2
111100111111000000000000
7
111101111111000000000000
7
111111111111000000000000
0
111111111100000000000000
5
111111111100000000000000
5
111111111100000000000000
5
111111111100000000000000
5
111111111100000000000000
5
111111111100000000000000
5
111111111110000000000000
5
111111111110000000000000
5
111111111110000000000000
0
000000000100101010000101
8
000000000100001111011111
8
000000000100000011111111
7
000100000000000000111111
4
111100000000000010111111
7
111100000000000010111101
7
111100000000000000111111
6
101110000000000000000111
3
101111000000000000110111
6
101111000000000000000111
6
101111000000010000000111
8
101111000000000000100111
6
100111000000000000000111
6
110111000000000000000111
5
110111000000000000011000
6
110111000000000000000110
5
110111000000000000000000
1
110111000111000000000000
2
110111101011001000000000
8
110111101011000000010000
6
110111101011000000010000
6
110110100011000000000100
5
110111100011000000011000
6
110111100111000000000100
6
010111100011000000000100
5
010110100011000000000000
2
010110111011000000010000
5
010110101011001000010000
8
110110101011000000010100
6
110110101011000000000100
5
111110001011000000000000
2
111110111011000000000000
7
111110111011000000000000
7
111110111011000000000000
7
111110111111000000000000
7
111110111111000000000000
7
111110111111000000000000
7
111110111111000000000000
7
111110111111000000000000
7
101110101111000000000000
0
000000000100101010000101
8
000000000100000111011111
7
010000100000010000111011
7
000000000000010000111111
8
000000000000000011111111
4
111000000000000111111101
7
111000000000000000011111
6
101000000000000000001111
3
101101000000000000001111
6
100101000000000010000111
7
100100010000011000101111
8
100110010000000011101111
8
100100010000000011101111
7
110100010000010000001111
7
100101010000001000101001
8
100101010000000010001111
7
100101010000001000101111
8
100101010000001010101111
8
110101010000000000101111
6
110101010000000000000011
5
110101000100000000001000
6
110101000001000000000011
6
110101000001000000000110
5
110101001001000000001100
3
010111000010000000111110
6
010111000000100000000111
8
010111010000000000111111
5
010111000000000000001000
6
110111000001000000000111
6
110111100000001000000101
8
110111100000000000010111
6
110111100000000000000111
5
010111100000000000000000
6
010111000000000000000000
6
010111000000000000000000
6
010111000000000000000000
6
010111000000000000000000
6
010111000000000000000000
6
010011000000000000000000
5
010011000000000000000000
0
000000000100101010000101
8
000001000000000111100111
8
000000000000000111111111
8
000000000000000111111101
8
000000000000000111111111
7
000000000000001000111111
8
000000000000000111110111
7
000000000000011011011111
8
100000000000000111111111
4
111000000000011111111111
7
100000000000001000111111
8
100000000000000011111111
7
100000000000000000111111
4
111000000000000110111111
7
111001000000000000111111
6
111001000000000110000111
7
111001000000000100101111
7
111001000000000000111111
6
111001000000000000100111
6
111001000000000000000110
5
111001000001000000010000
6
111011000001000000000010
5
111011000001000000110000
6
111011001001000000000110
5
111011001001000000110000
6
111011001001000100100110
7
111011011001000000110110
7
110010001001000000110110
6
110010001001000000000110
5
110010001001000000000010
5
110010001001001101110000
8
110010001000000101110110
7
110010001000001000110111
8
110010001000000101110111
7
101010000000000000110111
6
101011000000010100000101
8
101011010000000100110111
7
101011000000000000111110
6
101011000000000000000111
6
101011000000000000000111
0
000000000100101010000101
8
000000000000001111100110
8
100000000000000111111111
4
110000000000000111111111
7
010000000000000100111111
7
010000000000100100011111
8
010000000000000111111111
4
111000000000100111111111
7
011000000000100011111111
8
011000000000000111111111
7
011000000000000100111111
7
011000000000000000011111
6
011000000000000101000111
7
011000000000000100111111
7
001000000000000000111111
4
111000000000000000111111
6
111000000000000011000111
7
111000010000000000101111
6
111010010000000010000111
6
111000010000000001000111
7
011000110000000000100111
3
011011110000000000101111
3
011111010000100000100111
8
011111000000000000101111
6
011111000000000000000111
5
011111000000000000001000
6
011011000000000000001010
6
001011000000000000000111
6
001011000000000000000111
5
001011000000000100011000
7
001011000000000000111110
6
001011000000000000000111
5
001011100000000000101000
5
001011000000000100111000
7
011011000000000000111001
6
011011000000000000100111
6
111011000000000100000111
7
111011010000000100111111
7
011011000000000000111111
5
011011000000000000111100
0
000000000100101010000101
8
000000000000100111010011
8
000000000000000111111111
7
000000000000100000111111
8
000000000000000001111111
4
111000000000010111111111
7
101000000000010000111111
8
101000000000000111111111
7
101000000000010100111101
8
101000000000000111111111
7
111000000000000000111111
7
111010000000000000111111
6
111010000000000101000111
7
111010010000000000111111
7
111010010000000000111111
7
111010000000000000101111
6
111010000000000000000111
3
111111000000000000100111
6
111111000000000000000111
5
111111000000000000100010
6
111111000000000000000111
5
111011000000000000100001
6
111011000000000000000111
6
111011000000000000000111
6
111001010000000000000111
5
111001010000000000000000
2
110001111000000000000000
3
110111111000000000000000
5
110111111001000000000000
5
111111011001000000000000
1
111111011111000000000000
6
111111011111000000000000
6
111111010111000000000000
6
111111010111000000000000
6
111011010111000000000000
6
111011011111000000000000
7
111011011111000000000000
7
111011011111000000000000
7
111011011111000000000000
6
111011011111000000000000
0
000000000100101010000101
8
000000000010000111111111
8
010000000000000111111111
4
110000000000001111111111
8
110000000000000111111111
7
110000000000001000110111
8
110001000000000011111111
4
111000000000000111111111
7
011000000000000000111111
7
011011000000000000111111
6
011011000000000100000111
7
011001010000000000011111
3
011111000000000100111111
4
111011000000100100111111
7
111011000000100000111111
7
011011000000100000111111
8
011011000000000100111111
7
011011000000000000111111
6
011011000000100000000111
8
011011001000100000000111
8
011011001000000100000111
7
011011001000000000110111
6
111011001000100000000111
7
011111001000100000010111
8
011111001000000000110111
6
011111001000000000000110
5
011111001000000000000000
1
011111101111000000000100
6
011111101111000000000100
6
011111101011100000000100
8
011111101011100000000100
8
011111101011000000000100
5
011111100011000000000100
5
111101100011000000001000
6
111101100011000000000000
6
111111100011000000000000
6
111111100011000000000000
6
110110100011000000000000
6
110010100011000000000000
6
110010000011000000000000
0
000000000100101010000101
8
000000000000000111100101
8
100000000000000111111111
4
101000000000000111111111
7
101000000000000100111111
7
101001000000000100111111
7
101001000000000000111111
7
101001000000000000111111
7
101001000000000000111111
7
101001000000000000111111
7
101001000000000000111111
7
101001000000000000111111
7
101000000000000000011111
3
100110000000000011111111
8
100000000000000011111111
7
100000000000001000111111
8
100001000000000111111111
8
100001000000000111111111
4
111000000000011111111101
7
101000000000011000111111
7
100000000000011000111111
8
100000000000000111111111
7
100000000000001001111111
8
100000000000000101111111
7
100000000000000000111111
7
100000000000000000011111
6
100000000000000101000111
7
100000000000011000110111
8
000000000000000111111111
7
000000000000011000111111
8
000000000000000111111111
7
001000000000000000111111
6
001000000000000101000111
7
111010000000000000111111
6
111011000000000001001111
6
011010000000000101000111
7
011010010000000000111111
5
011010000000000101101000
5
011010000000000101111000
5
011010000000000101111000
0
000000000100101010000101
8
000000000000000111101111
7
001000000000100000111111
8
001000000000000110111111
7
011000000000010000111101
7
111000000000010000001111
7
101000000000010000111111
8
101010000000000001111111
7
101010000000000000111111
7
111010000000000000110111
6
111110001000000001000111
7
111110000000000000110111
6
111100000000000000000111
3
111111001000000010011011
6
111111000000000000001111
6
011111000000000000000111
5
011111000000000000101010
6
011111000001000000000111
6
011111000000000000000111
5
011111000000000000010000
6
011101000000000000000011
5
001101000000000000000000
2
001101111000000000000000
3
001111111000000000000000
1
001110111111000000000100
3
011111101111010001000100
6
001110101011100001000100
8
001110101011000000010100
6
011110101011000001000100
7
010110101011100000000100
8
010110101011000000000100
5
010110101011000000000000
8
010110101001000001000100
7
010110101001000000000100
5
010110101001000000000000
8
010101101001000000000000
8
010101101001000000010100
6
010101101001000000000010
5
110101101001001000010000
5
110101101001001010010000
0
000000000100101010000101
8
000000000000000011110111
7
000000001000011000111111
8
000000000000001101111111
8
000000000000000111111111
7
000000000000111010111111
8
000000000000000111111111
7
000000000000111000111111
8
000000000000000111111111
7
000000000000011000111111
8
000000000000000110111111
7
000000000000110000111111
8
000001000000000111011111
8
000000000000000110111111
7
000000000000101000111011
8
000000000000001111111111
8
000000000000000111111111
7
101000000000111001111111
7
100000000000111000111111
7
100000000000111000111101
7
000100000000111000011111
8
000100000000000011111111
7
000100000000111000111111
8
000110000000000011111011
8
000100000000000011111111
7
000100000000111010111111
8
000100000000001010111111
8
000100000000000011111111
7
000100000000010001111111
8
100100000000000011111111
7
100100000000001000110111
8
100100000000000001111111
7
100100000000000000111111
6
000100000000000001000111
7
010100100000010000111100
5
001100100000110011111000
8
001100100000000011111011
7
011100000000000000111101
6
011100000000100001001111
6
011100000000100010000110
0
000000000100101010000101
8
000001000100000111010011
8
001000000100000111111011
7
001000000100010000111011
8
001001000000000111111011
8
001000000000000111111111
4
011000000000100111111111
8
011000000000000111111111
7
010000000000000000111011
4
111000000000000101110111
7
111000000000000000111111
7
111000000000000000111111
7
111000000000000000111111
7
111000000000000000111111
6
111000000000000000000111
3
111101000000000000000111
6
111101000000000000000111
6
111101010000000000000111
5
111101011000000000100000
6
111101011000000000000101
5
111111011000000010100000
6
111111011000000000000110
5
111110011000000000000000
1
111110011010000000000000
2
111110111011000000000000
5
111110111011000000000000
3
111111111011000000000000
0
111111111111000000000000
0
111111111111000000000000
0
101111111000000000000000
5
101111111101000000000000
8
101111111101000000000000
8
001111111101000000000000
8
001111111101000000000000
8
001111111101000000000000
8
001111111101000000000000
8
001111111101000000000000
8
101111111110000000000000
8
101111111110000000000000
5
101111111110000000000000
0
000000000100101010000101
8
000001000000000111000111
8
101000000000000111111111
7
101000000000010000111111
8
101000000000000101111111
7
101010000000000000111111
7
101010000000000000111111
7
101010000000000000111111
7
101110000000000000111111
6
101110000000000000000111
3
101111001000000000110011
6
001111001000000000000111
5
001011001000000000000000
2
001011011000000000000100
5
001111011000000000000000
1
001111011011000000100000
6
001111011010000000000000
1
101111011111100000000000
3
001111001111110000100000
6
001111001111010000000000
8
001111001111000000010000
6
001101000111000000000000
3
001111000111000000000000
2
001111101111100000000000
8
001111101111000000000000
8
001111001110000000000000
1
001111001111010000000000
8
001111011111000000100000
6
001111011111010000000000
8
001111011011000000000000
6
001110011001000000000000
8
001100011101000000000000
3
001111011101000000000000
8
001011011101000000000000
8
001111011101000000000000
8
001111011101000000000000
8
001111011101000000000010
5
001111101101000000000000
8
001111101101000000000000
8
001111101101000000000000
0
000000000100101010000101
8
000100000000000110010101
8
000000100000000011111111
7
100000000000100000011101
7
001001000000100000111111
8
000001000000000110111111
7
000001000000000000100111
3
000111000000001000111111
8
010111000000000000011111
6
110111100000000000001111
6
110111110000001000001111
8
110111110000001000001111
8
110111110000000000001111
6
110101110000000000001111
6
110111110000000000000111
5
110111110000000000000000
1
110111010011000000000000
1
110111011111000000100000
6
110111011111001000000000
8
110111011111000000000000
8
110111011111000000000000
8
110111011111000000000000
3
110111001111000000000000
6
110111011111000000000000
8
110111011111000000100000
6
111110011111000000000000
2
111110111111000000000000
7
111110111111000000000000
7
111111111111000000000000
0
111111111111000000000000
0
111110111111000000000000
0
111110111111000000000000
7
111110111011000000000000
7
111110111011000000000000
7
111110111011000000000000
7
111111111011000000000000
5
111111111011000000000000
5
101111111011000000000000
8
101111111011000000000000
5
101111111111000000000000
0
000000000100101010000101
8
000000000110000011101011
7
000000000110000001111011
7
001000000110001000101011
7
010000000110101000111001
8
010000000110000101111001
7
010000000110101000111001
8
010000000110000111101001
7
010000000100101100111001
8
010000000100000111111011
7
010000000100101000111011
8
010001000100100111111011
8
010001000100000111101011
8
011000010100000111011011
7
011000000100000000111011
7
011000000100000000111011
7
011100000000000000110011
6
011100000000100001000111
8
011100000000000001011111
7
011100000000000001111111
7
101100000000100000111111
7
001100000000110000111111
8
001100000000100011111110
8
001100000000000011111111
7
001100000000010001111111
8
001100000000000011111011
7
011100000000010001111111
7
001100000000100000011111
8
001100000000000010111111
7
000100000000000000111111
6
000100000000000000100111
6
000100001000000000000111
5
010100001000000000000101
5
110110001000000000000000
6
110110001000000001000000
7
110110001000000000110000
6
101111001000000001010010
6
101101001000000001000111
6
101110001000000011000110
6
101100001000010011000110
0
000000000100101010000101
8
000000000000100111110011
8
000000000000000111111111
7
000000000000100000111111
8
000000000000000111101111
7
000000000000111000111111
8
000000000000000111111111
7
000000000000011000111111
8
000000000000000111011111
7
000000000000001000111111
8
000000000000000111111101
7
000000000000000001111111
7
000000000000000000111111
4
111000000000010001111111
7
101000000000010000111101
8
101000000000000111111111
7
101000000000000000111111
7
101000000000000000011111
6
101110000000000100000111
6
101010010000000101000111
7
101010010000010000101111
8
101010010000000001101111
7
101010010000000001101111
7
101010010000000000101111
6
101010010000000000000111
5
101010011000000000001000
7
101010010110010000000010
8
101010010100000001000011
7
101110011100000000000011
5
111110011100000000100000
6
111110011100000000000010
5
110110011100000001000000
7
110110010110000000100000
6
101010010111000000000001
6
101010110110000001000000
7
101010110110000000001000
6
101110110110000000000000
7
101100110111000000000001
6
101100110110000000000001
5
101100110110000000000000
0
000000000100101010000101
8
000000000000000111111111
8
000000000000000111111111
7
100000000000111000111111
7
000001000000111000111111
8
000001000000000110111111
7
000001000000011000111111
8
000001000000001110111111
8
000001000000000100111111
7
000001000000000000111111
4
111001000000001000111111
7
111001000000001000111111
7
110001000000001000111111
8
110111000000000110111111
8
110001000000000110111111
7
110001000000000000111111
7
110001000000000000111111
7
010001000000000000111111
4
111001000000000010111111
7
111001000000000000110111
6
111001000000000000100111
6
111001000000000000000111
6
101011000000000000000101
5
101011010000000100000000
7
101011010100010000100000
8
101011010100000000101011
6
101011000100000000000011
5
101111010000000100000010
6
111010111000010100000111
5
101010101000010100000000
8
101010101000000101010001
7
101010101000000000010001
6
101011101100000000000111
6
101011101000000000000111
5
101011101000000000010000
6
101011101000000100000111
7
101001101000000100000111
7
101000101000000000010111
6
101000101000000000000111
5
100100111000000100000000
0
000000000100101010000101
8
000000000000000111111111
7
001000000000001000111111
7
000101000000011000111111
8
000111000000010010111111
8
001101000000000010111110
7
001101000001010000111111
8
001101000000010000111110
8
001101000001010010101111
8
001101000000000010111010
7
011100000000100000111111
8
001100000000000011011111
7
101100000000000001111111
7
101100000000000001111111
7
101100000000010000110111
8
101100000000000011111101
7
101100000000000000011111
6
000000000100101010000101
8
000000000000000111111111
4
111000000000001111101111
7
110000000000001010111111
8
110000000000000011111111
7
110000000000000111110111
7
110000000000000000111111
4
111000000000000001111111
7
111000000000000000111011
7
110000000000000011111111
7
110000000000000000111111
4
110100000000000110101111
4
111000000000001011111111
7
110100000000000111111111
4
111100000000000011111111
7
111100000000000011111000
7
011100000000000000111111
6
011100000000000000111111
3
011111000000000000111111
6
011111000000100000001111
8
011111000000000000101011
6
011111000000000000111111
6
010111000000000000000111
5
111111001000000000111001
5
111111000000000000111000
6
111111000000000000111110
6
111111000000000000000111
5
111111100000000000011111
6
111111100000000000000111
5
111111100000000000011111
6
111101100000000000001111
6
111101100000000000011111
6
111101100000000000000111
5
111101100000000000001000
6
111100110001000000000011
5
111111010000000000000111
5
111111110000000000001000
6
111111110000000000001000
6
111111010100000000000101
6
111111010000000000101111
0
000000000100101010000101
8
010000000000111111111111
8
010000000000010111111111
8
010000000000111111111111
8
000000000000010111111111
8
000000000000000111111111
4
111000000000001110111111
7
110000000000001111000111
8
110000000000000101111111
7
101000000000000000111110
4
111010000000000100101111
7
111011000000000101111111
6
111000000000000101000111
7
111000010000000000111111
7
111000000000000000111111
6
111000000000000110111111
7
111000000000000000111111
6
111000000000000000111111
6
111100000000000000000111
3
111100000000000000100111
6
111110000000000000000110
5
111110101001000000101111
3
111111000000000001111101
6
111110000000000001111111
7
111110000000000000111111
6
111100000000000000111111
6
111100000000000000000111
6
111111010000000000100111
6
111111010000000000000111
5
101101011000000000000111
5
101101011000000000100000
6
101101011000000000100110
6
101101011000000000000111
5
101101111000000000100111
5
101101011000010010100000
8
001101011101010010100101
8
001101011100000010100111
7
111101011000000010100111
7
111101011000000000100101
5
111111001000000000100111
0
000000000100101010000101
8
000100000110000111001111
8
001100110000001111111111
8
000000100000001111111101
8
000000000000000111111111
4
110000000000001111110110
8
110000000000001111111000
8
110000000000000111111111
7
110000000000001000111111
8
110000000000000111111111
7
111000000000000111111111
7
111000000000000000111111
6
101000000000000001111000
7
101000000001010111111000
8
101000000011010111111110
8
101000000001000111111110
7
101000000001010000111110
8
101111000001010110011110
8
101001000001010010111110
8
101001000001000110111110
7
101001000001000000110110
6
001000000001000000000110
3
010000000001000000100110
6
010000000001100000000110
8
010000000000000011010100
7
010000000000000000111101
4
111001000000100010111111
7
111001000000100110000111
7
011001000000100010101110
8
011001000000000110101011
7
010001000000000010111111
7
010001000000000010111111
7
011001000000100110111101
8
011001000000000110111011
7
011001000000000110000111
7
111001000000000110111111
7
111001000000000110111000
7
011001000000000000111111
6
011111000000000000111111
6
011111000000000000111111
0
000000000100101010000101
8
000000000100000111111111
7
000000000000000111111111
4
001000000000010101110111
8
001000000000010111111111
8
001000000000000111111111
4
111000000000000111111101
7
111000000000000111111111
7
011000000000000111111111
7
001000000000000011111111
4
001000000000000101111000
7
001000000000000001111111
4
011010000000000101111111
7
011010000000000101111011
7
011010000000000100111000
7
111010000000000100110111
7
111010000000000000111111
6
111010000000000001110111
7
111010000000000101111100
7
111010000011000101110011
7
111010000000000000111111
6
111111000000000100111110
6
111011000000000100101111
7
111011000000000000111011
6
011111000000000000100111
6
011111000000000000101111
6
111111000000000000111111
6
001111000000000000000111
5
000110000000000000011000
6
001110000000100000011110
8
000110000000100001111000
8
000110000010110001000111
8
000110000000111000111111
8
000110000000000001111111
7
000110000000000000111111
6
000110000000000000000111
5
111110000000000000100111
6
111110011000000001110111
7
110010001000000000100111
6
110011001000000000000111
0
000000000100101010000101
8
000000100000000111101101
8
000000110000000111011111
7
000000100000111000011111
8
000000100000000111011111
7
000000100000101000011111
8
010000100000001100011111
8
010000100000001110011111
8
010000100000001111011111
8
000000100000001111000110
8
010000100000111111011111
5
000000100000111111010000
8
000000100111111111011011
8
000000100100000111011010
7
000000100100011111000011
8
000000110100010111011011
8
100000100100000111011011
7
110000100100000111011011
7
111000100100000111011011
7
111000100100000111000011
7
111000100100000111011011
7
111000100100000111000011
7
111000100100000111011010
7
111000100100000000011001
6
111100100110000000000011
3
111111100110000010001011
6
111101100100000010001010
7
111101110100000010011011
7
