-71.5
-81.5
-62.25
-57.75
-66.75
-59.75
-65
-48.5
-64.75
-65.25
-50.25
-71.25
-53.75
-52
-65.25
-67
-63.25
-43
-69.75
-67
-60
-63
-76
-73.75
-54.5
-56
-73
-65.25
-42.25
-52
-61
-63.75
-48.5
-71.5
-69.25
-57.75
-68.25
-57.5
-53.75
-62.75
-63
-74.5
-61.5
-47.5
-58.5
-58.25
-67.25
-62
-70.5
-70.75
-52.25
-71
-59
-59.25
-40.25
-68.75
-58.75
-80.5
-60.25
-73.25
-42.5
-65.25
-53
-60.5
-46.25
-55
-65
-57.25
-61.75
-66
-57.25
-40.75
-74.75
-61
-81.25
-66.75
-50.25
-41
-53.5
-73
-71.25
-63.75
-69
-42.75
-56
-59.5
-60.5
-77.5
-60.75
-63.5
-65
-64.5
-43.5
-52.25
-64
-64.5
-62.5
-59.25
-70.75
-77.75
